0.404509
0.446524
0.455259
0.45251
0.450653
0.456348
0.460034
0.460925
0.464413
0.468444
0.468288
0.468409
0.468463
0.46468
0.466701
0.46754
0.469599
0.469706
0.469574
0.471299
0.473017
0.47301
0.474628
0.474072
0.473012
0.473915
0.474049
0.473541
0.473838
0.474466
0.474866008380878
0.4749502435076063
0.4749358972837361
0.4751458480657388
0.47524481769030963
0.4754566654790456
0.47532020881767806
0.47535558897763425
0.4754495553260607
0.4758671056421485
0.47593698446794697
0.47559238518684016
0.4757447169367269
0.4759760980142193
0.47584843375725716
0.47582076528620276
0.4759195079117469
0.47575421964979797
0.47618281732242435
0.4763491095043338
0.47650467109914585
0.4766579097723983
0.47647684248905137
0.47670339966184855
0.4766752161643713
0.4768243617545876
0.47668709681331806
0.4766373968019792
0.4769932832547288
0.47735407212057346
0.47741350605981114
0.47782228419583495
0.4779985209093782
0.4780282536814582
0.47806615331062763
0.4782655024567495
0.47828085902890927
0.4782575073274774
0.47811127825010347
0.47836561050322546
0.478196535454343
0.4786184731708652
0.47855085236262757
0.47837957280972165
0.4785696760957541
0.47853942097650065
0.4787005462218831
0.4788673854158901
0.4789056521930941
0.47887691373288627
0.4793354095691814
0.4792995300204708
0.4790063518226395
0.4790335033867986
0.47883139643137795
0.4789938138192571
0.4789256568706567
0.47893189290885574
0.47867908974128265
0.47854963543479273
0.4789612490903113
0.4789510989583612
0.4790455479798397
0.4789772751254694
0.4789485568994834
0.4791806804728081
0.4792197484935809
0.4793014428367227
0.4791813073211751
0.47899610760990313
0.47893148436854993
0.47890572218767186
0.4789043784809209
0.4790759405733065
0.47950097028684585
0.47936754315792357
0.47935674071906587
0.4792095346037709
0.4792285823357784
0.479111375387293
0.4790873402024219
0.47867280597387796
0.4781073846809906
0.47767851710146697
0.47849333735744065
0.478523288686006
0.478676283911656
0.4787795478058153
0.4789602647214062
0.4787241971816729
0.47905745379655773
0.4790707673855938
0.4792353066524535
0.4790590642936114
0.4791020708772135
0.47935148422384954
0.47906190709821644
0.47922556988355575
0.47948712794030374
0.4794624418875505
0.4793019862336129
0.47945164795757467
0.4793295010073656
0.4798652605302096
0.48008252406042756
0.48022684257924575
0.48040257520973456
0.48012868384020807
0.48036662307916467
0.48037763335345074
0.4801338339654034
0.4800475339571697
0.4803116562654751
0.48018787127488466
0.4804017889626598
0.48039809121568905
0.4805490582722728
0.48020653596253166
0.4801935354977351
0.48028368883953554
0.4799903315179736
0.48001392925711256
0.4797878980911585
0.479903086312109
0.48000507770481005
0.4798327273486674
0.4796462634062754
0.47975201757768693
0.47985801706693987
0.47973239400543516
0.47986514997402907
0.4802821017550514
0.4801935893193326
0.4801193716879085
0.479729787061261
0.47983701528626166
0.47993265753858794
0.47989180776262097
0.47969174471132847
0.479934923936584
0.4796678573328591
0.4792914361757485
0.47969242209814134
0.4797700433521608
0.4798141371357028
0.4797741475168925
0.4798363938718212
0.48002796494296623
0.48034726564263197
0.4806059866050028
0.4802970306712982
0.48032367930736375
0.4804636766671437
0.48056390455888925
0.4805982856417454
0.48052395564741934
0.4803491272270381
0.48014167890142534
0.48044489193591117
0.4806875925186561
0.48039394069090774
0.4803604233521856
0.480306756667972
0.48009882242003155
0.4796593128236963
0.4793309668107305
0.47976413586943756
0.4802993778625615
0.4802907808406156
0.48057814654904546
0.48069145415184966
0.48045455008419474
0.48067243415442823
0.48068932664768416
0.48070420534095554
0.4807189424860685
0.48074938202994516
0.48080057723739605
0.4804792232866415
0.4808074752223498
0.4806384221787703
0.48098632262019236
0.4810543578038816
0.4810166679227246
0.4809693358450113
0.48117897306732643
0.4809253175968948
0.48120848699568053
0.48117846474271103
0.48108560643115733
0.48110014771707627
0.48137912769716645
0.4814230306422241
0.4811558703077652
0.48094376562334956
0.4807011540226958
0.4806201216866503
0.4804457190307706
0.48045998530580414
0.48053371460793814
0.480718498171266
0.48066341101651705
0.4804399749067217
0.48065056919315785
0.4804325923551871
0.48045818447134897
0.4806481544396862
0.4806835733351156
0.48063584626009714
0.48075185074792887
0.48054799332358994
0.48070630954229565
0.4806922917496892
0.4806553106312513
0.4808250637289406
0.48067381021772587
0.48065442016351884
0.48079452796338334
0.48080708383989906
0.4807654668438928
0.4809221551497379
0.48137756873296117
0.4816823434558495
0.48176648435464253
0.48183032041238993
0.48132302421006884
0.4814905401013704
0.48156183854057005
0.4813920050829443
0.4812186981330633
0.4811956150110118
0.48132113803872417
0.4813109979114942
0.48116197231934255
0.48116025702326864
0.48138411337789033
0.4816003228046945
0.4815499870045403
0.48164689885239675
0.481513605900421
0.48155902742416584
0.4813885755226038
0.4814821169640157
0.4816482001714153
0.48176204766317643
0.4819893072550536
0.4819833420634587
0.4816475355509246
0.48148498491768965
0.48159483694865723
0.4814181525542341
0.4812876166458178
0.48095435608119996
0.48102141145125116
0.48087276328992
0.48098758522420443
0.4809561170986192
0.48110648653126153
0.48104072179657664
0.48110646735072526
0.48122316431572865
0.48113039573718475
0.48107523498747157
0.4812130962025817
0.48136921153105977
0.4815971774296441
0.48136438570848733
0.4817960442326522
0.4817258544051591
0.481977235242897
0.4818812807478136
0.48183128554429877
0.4817143332623797
0.48176505514938517
0.4818172179878077
0.48195938817999534
0.48195696313491593
0.4818759646741923
0.4820709614162864
0.4820313048425843
0.48195695923211523
0.48190618289080683
0.48180090419061566
0.4817464279321535
0.48185859281750165
0.48206295621948236
0.48206408205961915
0.4819044434929979
0.481933710277028
0.4818728491661533
0.48191711253308966
0.481803480750816
0.48161742388076867
0.48175080719493085
0.48224359123342475
0.4823899668493195
0.4821274140699526
0.4818683393024676
0.4818155413474572
0.481689498188981
0.481734391356439
0.48161345685960605
0.4817072095314595
0.48184528773205426
0.48196199847507326
0.4819678280274064
0.4818245267757036
0.48169589865577217
0.4818297547525978
0.4819539080677091
0.4816740587655852
0.4819051131984215
0.4816551722753531
0.4818038022780748
0.4819660972291682
0.48186756544731424
0.48202408680962505
0.4818539911840099
0.4818470337917958
0.4819257629362447
0.48183820548232986
0.4818738181814547
0.48193907315391027
0.4819694543403305
0.482148890009155
0.4820875306581349
0.48201085446765385
0.4818625113352502
0.4818534990157896
0.481682034969097
0.4818234133137262
0.48188653175087903
0.4816297123787386
0.48193314049282954
0.4818526206530911
0.48204159899034976
0.48194117842093376
0.48176193701066095
0.48184172464299907
0.4819509455875674
0.48169576792465274
0.4818146920482731
0.4821666812298952
0.4819119899282851
0.48210291855715126
0.48192390761184617
0.48183147185398173
0.4820844947862852
0.48196838306318224
0.4821456610817054
0.4823756041246479
0.4822946363806595
0.4824671905205165
0.4823396962305241
0.4822637965054148
0.48246451075205765
0.48244886345618165
0.48246273598379424
0.48243504880964383
0.48232898836400795
0.48244179857603753
0.4827274334220059
0.48260527623170885
0.48258668860567294
0.4824011453720727
0.48254645617020125
0.4826522269662733
0.4824514432236655
0.4823166503230534
0.4820976035414501
0.48178863201171634
0.4817505813759192
0.4817336377623261
0.4816969831403367
0.48162332446266276
0.48161121819407887
0.48160634504493144
0.48179198113413496
0.4818761569425274
0.48218835170465646
0.4822433399572841
0.48237357106367157
0.4824195523443107
0.48233041449395714
0.4819568244302265
0.4820999460345318
0.48201958489727814
0.48219974587161524
0.48232336092593614
0.482310618194898
0.4824728245570033
0.4827681658736443
0.48266130574167826
0.4827187651090185
0.482690237297008
0.48262660461258095
0.4827705931160782
0.48274099510283613
0.4827802443956443
0.4827771490858339
0.48265184428043406
0.48258263410672647
0.4730106560187659
0.48224995594865616
0.47914645441829923
0.47862800917524956
0.4795519333588174
0.4805435119799907
0.48170354511320684
0.48159193394917404
0.4815598549241262
0.48351007330820767
0.404898597736342
0.4686011186427287
0.46984889297555077
0.46344047743915523
0.43610425401875696
0.4336735112684749
0.4472641922730755
0.4690182607618583
0.4446478180580206
0.45396022716112905
0.475991332784416
0.45463686013358184
0.48944850268248047
0.4892033495956656
0.43821455641099305
0.4483638537327354
0.4141172008195581
0.3611066208034319
0.43437523896208047
0.48953486609781605
0.48953486609781605
0.48953486609781605
0.48953486609781605
0.48953486609781605
0.48953486609781605
0.48952251336242875
0.4888103525390084
0.48649069936250305
0.48546048836309635
0.4855552654795485
0.48559948119702895
0.4855367749654976
0.48524058499578715
0.4831692429398424
0.482500189799147
0.4825726768034774
0.4798248115192944
0.4786416089599062
0.4776589792136869
0.47719461547668957
0.4784673388722146
0.47824798161258353
0.4769392044442907
0.4776572391976404
0.47936081309785034
0.4795429753168692
0.4803616544903082
0.47988206843643605
0.48112603327303544
0.4811620674795743
0.48448414455411193
0.4851442032294248
0.48423246465456765
0.4851859289664211
0.4850875653945709
0.48580646268451533
0.4858006012036733
0.48580982663193056
0.48558013968752245
0.4856638542413341
0.4854247364821948
0.4858869617226085
0.48634010356389235
0.4866788668960957
0.48710935796236526
0.48695463492874225
0.48691759564834075
0.4874808919093068
0.48731354539673194
0.48735895485778796
0.48779148089620644
0.4882176588405253
0.48800735915484617
0.48829342360459915
0.48846870942051696
0.48874949253969086
0.4889560263522962
0.48847584534927724
0.48905864906499996
0.48916487261559277
0.4893779395355169
0.48939803471006427
0.48941458825213835
0.4894984606463605
0.4893710261842559
0.48902154296660405
0.48945471047760014
0.489468350339009
0.4895251125465225
0.48949844633338596
0.48969014038615616
0.489629987773697
0.48955312038338716
0.48960316252072683
0.4895313617367364
0.48963000562883363
0.48963290201755116
0.4895316180219418
0.48961594927083985
0.48936118739805384
0.48931525103985035
0.4895408849942067
0.4894757823449565
0.48929897725977456
0.4895370271678318
0.4894973935624293
0.4892948534374192
0.48935450404878816
0.4893891721455827
0.48933159677366744
0.489517784808165
0.4895257423092865
0.4896245846238639
0.48961657834584993
0.4895540135107406
0.489676688006682
0.4895488928675698
0.4895776045911229
0.4894604558741174
0.48948760550593146
0.4895328524241609
0.4896475783252001
0.4895776722411972
0.48947232903152177
0.48956599562050734
0.4895246700257379
0.4896379718936129
0.48958762327596966
0.48967717077642187
0.48947789944282977
0.48954476670706276
0.4894351047633081
0.4894269448264559
0.48957357183635164
0.48945792382560577
0.4896234909910075
0.4895725067941568
0.4897023026384045
0.4893788821472777
0.4896295137750252
0.4896146093292682
0.4896013701401049
0.4897001622959302
0.48958754153981965
0.48969761201258816
0.48977410139265626
0.4898096467963464
0.4896952041094844
0.48965918492908106
0.48966173033039356
0.4897736594110651
0.48967810699866987
0.4897090636248208
0.4896029019438522
0.48967698349386174
0.4896999347111306
0.48955364821071395
0.4897313347582509
0.48956332640160816
0.4898386794193931
0.4897597034520896
0.48980450207155446
0.48962589753412983
0.48961935231154385
0.4897332558455467
0.48972350194949404
0.4896612336820686
0.4897487517536898
0.4896592073518355
0.48954931173477095
0.48979676326665694
0.48976241777409657
0.48954486258610147
0.48978036151671095
0.4897759909586612
0.4895599993420111
0.4895526632990866
0.48974749221475244
0.4895677790222176
0.48953771699385146
0.48952728539692686
0.4896843088234925
0.4895113787998203
0.4894928932944812
0.48975234674408247
0.4897139772469994
0.489692290542445
0.48983281040536936
0.48985347553102526
0.48988365712306653
0.4898442314286077
0.4897327841479747
0.4896785001871363
0.48975027201876803
0.48987748828961314
0.4898233942194361
0.4898140446147179
0.4899130065663685
0.4899478275763758
0.489961181426365
0.4897658804295517
0.4898227230389938
0.4900605474964412
0.489870178056693
0.48977384541480523
0.48968222802837025
0.48991914663519276
0.4898596067726742
0.4897783207108278
0.4899184086311101
0.4899152018889298
0.4900158653078246
0.49010116724430003
0.4901235818966971
0.4902645031040944
0.4900312046490841
0.48990483004896507
0.4900438735804903
0.4899173348344322
0.4898538606015957
0.4898751310632824
0.48998323291221935
0.4900115320081121
0.48990282206365954
0.490110080155969
0.49024035812278327
0.4901102393256607
0.4900670898628546
0.4900165399432689
0.4900403038259738
0.4898234609714428
0.48996037483073673
0.49028607075876
0.4899988556197454
0.4899188274577305
0.4900303230039396
0.4901324727896539
0.48983421906022856
0.4901331435339424
0.48973967079257535
0.4897649908041326
0.48975755466566256
0.4897548732884453
0.48964788135473625
0.48975458401716376
0.48950448655932344
0.4895246529652764
0.4897492266730131
0.4895809384065173
0.48969855115981936
0.48971529234932665
0.4895833518402354
0.4897647520070736
0.4894815868816076
0.4896511574940764
0.4896865838609342
0.489862519633963
0.4894515690244056
0.4899404126577083
0.48989088951840287
0.4895733555629694
0.48964891008041794
0.489836244982185
0.4898035540068118
0.48991384939840715
0.48985134421792387
0.4898950155176459
0.4896857536808861
0.4899751223182715
0.48978188796345845
0.4898927402547169
0.48999558857364856
0.4899852176095203
0.49019535026062333
0.49013736359385773
0.4898816878365352
0.4901455555763735
0.4898851310806736
0.4897893839227588
0.48993124517227904
0.4899220511492166
0.490010040869713
0.4899803933819441
0.490151033084793
0.49008987841449625
0.4902986731583537
0.4902974683976588
0.49028626187848606
0.49000293909328174
0.4899805484921585
0.48987815161928605
0.4898587343710979
0.48976695357376315
0.49002413874771894
0.4900331281306387
0.4900214666398297
0.49021458535564655
0.4900573511711394
0.4901887868526094
0.4900711710550522
0.4904472054167379
0.49023028540920116
0.49021744814993096
0.4902686098843378
0.49037469175409104
0.49060416447673383
0.49038639853609034
0.49031514123720893
0.49007886373491505
0.49041507630210157
0.49028684219777624
0.4904768046096421
0.49019059918832886
0.4903476646292849
0.49034683855670513
0.49018560876107947
0.4902643552694627
0.49003811494232785
0.48983498299993916
0.4902283088830804
0.4899647371953752
0.49027645229765426
0.490394234387338
0.4902967135614249
0.4904964813397329
0.4901849785861571
0.49016744718749133
0.49033037977082056
0.49019266327480626
0.49043823624333877
0.49027568972321817
0.4902266761146558
0.4901671396111571
0.4904527901995978
0.4901829741980623
0.49026134227416496
0.4901278639617408
0.4902515494901969
0.4903263536084655
0.49048172768182086
0.49021130763401366
0.4901654182071648
0.4902986918025195
0.4900279611277712
0.49018780145260266
0.49021747525181164
0.4901710243403911
0.49013722289718736
0.4902733678962777
0.49000927000976513
0.4902351339220075
0.4901706167348519
0.4901702303148864
0.49001570231614067
0.49003431838004313
0.4905747479479581
0.4905940251307698
0.4904011859571099
0.49035277668558847
0.49031639513296466
0.4903545147255333
0.4903276174281329
0.4901729711625287
0.4898947111154249
0.49004187002906274
0.4899869275609451
0.49027181030016986
0.49024287482227846
0.4904182042366438
0.49074640098336286
0.4907643729517657
0.49067636908732204
0.4906710598393674
0.4906896149849974
0.49070549254823104
0.4904476056976448
0.4904962485193226
0.4908312597868151
0.49037783948493696
0.4906204068427929
0.49040998824308196
0.49047321528854376
0.4903429213153065
0.4903283733988609
0.49059655397305646
0.490275246754282
0.4904215091864868
0.4905178591933675
0.4905532205101361
0.4905060397068829
0.4903970636348274
0.49049307583384216
0.4909288675026218
0.4905854850184331
0.4905724800068384
0.4905752758296276
0.49070254673438923
0.4906350612728797
0.4906714733308664
0.4907299104217644
0.490906341159903
0.4905624375826595
0.49059486711167327
0.49074908818584534
0.49060442743728105
0.4907144641822296
0.4906832638046506
0.49076936536429144
0.4908538761522543
0.4907988702329254
0.49066543011748676
0.49071068401805945
0.49050296394318754
0.49059860229906493
0.49058540267357315
0.49031973305970905
0.4904279974772325
0.4900333094263167
0.4905074763228741
0.490336383493221
0.49035612087657493
0.4902369408463844
0.4902796469256259
0.49033424216481325
0.49031728791873486
0.490449145599527
0.49036416381727266
0.49019128770129955
0.49013920606406813
0.49041171116337934
0.4904130225142894
0.49061460024287995
0.49044330720272766
0.49050387077021834
0.49082694874047683
0.4906500873558071
0.4908172097001209
0.49091545272483256
0.49061913316590716
0.4907472207804085
0.4906584103439792
0.49061476789322345
0.49064293878140797
0.4904131565296191
0.49015561569407223
0.4907163219241767
0.4906405329655616
0.4908119497682521
0.49062404575345536
0.49062619366686894
0.49055427594036094
0.49080574235847224
0.49084930175367725
0.4907196333408122
0.4910537859854497
0.4910577479541439
0.49104969621944117
0.4912460144463179
0.4907381878643231
0.49122753588874035
0.49107970058551514
0.4907113292900453
0.4906713859995258
0.4910118089991312
0.4905596664318517
0.4903197028744041
0.49028318967247936
0.4903841827813441
0.4901937432803248
0.4905892959695605
0.4904259138845149
0.49046271564138433
0.49008278250532233
0.4903817801445512
0.4900608280206501
0.49024983927940874
0.4906898386662906
0.4903955788090143
0.4903429354165558
0.49009985662313604
0.48971352036524923
0.4901874273871538
0.49025327897573906
0.48916347529050047
0.4880194872530011
0.488763120207847
0.4874106651989358
0.4870508985637502
0.486571368704209
0.48831641110556373
0.48746809540819097
0.48768225252361325
0.4886578643976171
0.4887783646464737
0.4889203002288205
0.4891089437675337
0.4863806517846361
0.4863684443837591
0.4865529369915316
0.487998921814614
0.4897899388996044
0.48924244025444674
0.4896285908357088
0.49030567947319775
0.4900529019691857
0.4898638052828486
0.4897661934916852
0.489546072904935
0.4890031990136579
0.4883982881442398
0.48711849508569904
0.4847402352934787
0.4834720672147995
0.48431379444189676
0.484035444727065
0.48375208041620255
0.48351553417432286
0.48595673231167563
0.4881635400510815
0.4880577981015056
0.4881700496431439
0.4883362382191045
0.4876942982395035
0.487875451552787
0.48891019072869535
0.48866082111177656
0.49063226303642354
0.49135949072668555
0.49103088853543553
0.4911890421873192
0.491038120285363
0.4908989103689051
0.4911743346826718
0.49092648994185256
0.49106096306899616
0.49093930827148086
0.49089815740608606
0.49126858612786517
0.4912401546818612
0.49094861635865705
0.490783405942761
0.49124209502167987
0.49119734331980747
0.49132144406814576
0.4914052301967107
0.49148117638385047
0.4914176555428931
0.4915997006097865
0.49102670709031004
0.49101608860004675
0.49131187668220916
0.4912701488089059
0.4911096077785568
0.490946080019182
0.491133868435916
0.49118597949624176
0.4911215390651073
0.4911331742635315
0.4911729650360584
0.49132909894871357
0.491439833727208
0.4914183658939038
0.49130582451638344
0.49103095656379214
0.49118963199683735
0.49103094938136854
0.4914595114474669
0.49177400391080595
0.491227618548365
0.4911965945611446
0.49117970006285133
0.4915305569484833
0.4917780048192882
0.49139045289191985
0.4909843203074497
0.49116598084296614
0.49082524049026377
0.49088783394497043
0.4907767366771009
0.49102009270275615
0.49059685596302205
0.4906982906081493
0.4910140843647469
0.49105381284843386
0.49020030399272435
0.49097449502225615
0.4910386073390089
0.49103848014511137
0.4914392114499875
0.49101111804355774
0.49095796398303915
0.4907023143614248
0.490870678115708
0.49088908425621897
0.4906756149310788
0.49094027935286705
0.4911544164923721
0.4912160601684209
0.4913278812431416
0.49105442347441813
0.4910710839747563
0.4910014912108387
0.4914678220567739
0.49136925669424897
0.49144258850813116
0.4915640959297526
0.49140419927543894
0.491377432346755
0.4915085211405251
0.4911554517653019
0.49135985663612786
0.491664995560895
0.4912564566827853
0.49144326781105685
0.4912895839757483
0.49130924626441796
0.49157574358855605
0.4917168928938337
0.4921616746438733
0.49151273562289366
0.491893023367214
0.49185627717620467
0.4919487483302835
0.49215051266885385
0.4921666305091054
0.4923149722617667
0.492121007570851
0.4919799286454909
0.4920868804773936
0.49193510026664145
0.49191775004685195
0.49163153600303106
0.49171072798223625
0.4917357134179124
0.4917257338485855
0.4916562604228557
0.49142712470211164
0.4912150456251499
0.49080865185297795
0.49094638025112286
0.490726385509228
0.4911643290619739
0.49142046843920023
0.4916123465224319
0.4912788172630434
0.49150036050392115
0.49123737215117835
0.49090219859140083
0.4908568921406402
0.49091056766014524
0.4910814061372909
0.49106019166667897
0.4913084006923027
0.4912823734032784
0.4914287110042712
0.4914050001382553
0.4913663157624367
0.4915756134410924
0.4916937482910266
0.4918278206732323
0.49233386889010583
0.4922854305928276
0.49217986275509457
0.49196953189711823
0.49166239714606935
0.4914700250787211
0.49128264747445693
0.49143978348447165
0.49144012241342233
0.49179501870340747
0.49203677211206703
0.4919479667732742
0.49162827853114655
0.4915061090491446
0.4914605253463876
0.4902228664536404
0.4916780481005564
0.49182662574046704
0.4917407451305118
0.491944594450364
0.49212970938475953
0.49192389506016476
0.49184301709541284
0.49184520574227947
0.4919180154203604
0.4918860814196454
0.49192429376442487
0.4918283966532151
0.49192673925968583
0.49193320602256885
0.4919381618571008
0.49025139118222666
0.49203248017357276
0.491881758322969
0.4918120741767025
0.491678098433276
0.49168753577796437
0.49172021176672404
0.4913172073161706
0.49175141858780574
0.4916754779418666
0.49199125255568565
0.491813685559826
0.49195417543152675
0.49200310312977735
0.49204975778891896
0.4920897067956652
0.49222756672489776
0.49234583655527553
0.4920616147980444
0.49175142379306913
0.49165619478911077
0.4901022473210993
0.49156617924158147
0.4918395835246447
0.49153563775873876
0.4917499114542756
0.49180546565252437
0.491838959892383
0.4919914783489374
0.4920405535183581
0.49203485122732166
0.4920708927817827
0.49198142416942403
0.4919292251736352
0.4922565265617703
0.49189201862293686
0.4922057586972321
0.4923179019414446
0.4919414627026514
0.49236713284319883
0.49207353801857157
0.4921035768450347
0.4917262269600414
0.4920249062295396
0.49190581437512026
0.491705200382111
0.4900706173591438
0.4919667184376221
0.49183714575100074
0.4918593136927576
0.49164889084125235
0.4918392174931075
0.4920372458520812
0.4918094634821697
0.4918316967693724
0.49184809693243825
0.49185927798248424
0.4921217634046633
0.4920067298436584
0.4922546609937551
0.49227532275827385
0.491894791345804
0.49209155159802836
0.4922801208956627
0.49192620736582426
0.4922207299867434
0.4922263756409433
0.4919794497707884
0.4920144664621406
0.4919350697870385
0.4921561871815477
0.4922122713974201
0.49214821103202583
0.4919378665812934
0.4921168853840725
0.4923794078016968
0.4924348096975598
0.49227547571453745
0.49222748741899985
0.4924752863689573
0.4925041083363963
0.4927390282462966
0.49257190922077493
0.49273738464071903
0.49258568412085174
0.4926627619225796
0.492486054751821
0.4924957486156711
0.49282959896510586
0.4924348533796388
0.49250514201150675
0.492372821128968
0.4923912869728018
0.49246441224913096
0.49216742001004327
0.4922724785753379
0.49266570164544105
0.4922917479214952
0.49256500279857307
0.4926588576602869
0.49241452865054197
0.49248487401522856
0.492638085907011
0.4927438586604823
0.49256857662985776
0.4927883039999114
0.49271124627678753
0.49278558919199517
0.4928468203914142
0.4928267265126249
0.49266227282896163
0.4927553340183988
0.4928852029784061
0.49284166041005917
0.4926392689552895
0.4926943923122199
0.49265149475684833
0.49274110804066457
0.4929529513111854
0.492817473421768
0.4926125326590035
0.49255995885108167
0.4928487262239113
0.4928761587777219
0.49292014400976786
0.4928787185361183
0.4927611314703728
0.49284580084437163
0.4928302608606936
0.49286581330459867
0.49297585163607444
0.4928695910268718
0.4929774090098708
0.49293458684806885
0.49298314766682294
0.4927529783140192
0.4928387591513098
0.49303979005023935
0.4932010039812978
0.493043779217855
0.49325552659733934
0.49323657870221976
0.4930966494360784
0.4930047098162812
0.49291507893739733
0.4929050775148568
0.4929938091118892
0.4928816455459418
0.49315086721903817
0.49295357903680037
0.4929791167357112
0.49311574590757357
0.49312696931888633
0.49329802683560364
0.4932225705007636
0.49307299858638565
0.49303059087484485
0.492871448785404
0.4928281834129463
0.4926798318408244
0.49305980467535626
0.49300168729123345
0.4931772736711477
0.4928017075608539
0.493045373367961
0.4927977094040931
0.4929854915202389
0.4928774152851076
0.49293599816184336
0.4928499924272513
0.49290540839366354
0.49320694232578793
0.4929481432714102
0.4929651325530644
0.4931632384839068
0.49270830916414454
0.4927348473978832
0.4927711230685125
0.4927984760644722
0.49302926004874764
0.4927924062707615
0.49311118364614204
0.4929659461324475
0.49277939859742853
0.4931527909931264
0.4928797442588313
0.49290401535882894
0.4930085875465868
0.4926477087536508
0.49278721578651374
0.49293319347270964
0.49290750336766775
0.4930321389849592
0.4930631322917905
0.49308129870435746
0.4929670018852003
0.49289711567760375
0.49328495672134137
0.4932048334054466
0.49272024762606115
0.493282570352805
0.4933058744880595
0.49318015293835626
0.4929190915856876
0.49279307824870194
0.49298315207917554
0.4929502279629814
0.49263246184842585
0.49288151489210213
0.4924795217369556
0.4931279835678593
0.49289022999846993
0.49283750603611426
0.49316309203007613
0.49265882260777305
0.49292921134001566
0.4931038158677314
0.4929568130823531
0.4930899004336597
0.4932838567826036
0.4930576723258602
0.4932004849804406
0.4929727903480292
0.49327350780684026
0.4931337414914493
0.49327699345317905
0.4932930254071143
0.4932974704045589
0.4931876977500643
0.49321858224674203
0.4936308186886802
0.4935151679078634
0.49350855696296075
0.4931170158612721
0.49324959303360366
0.4935604591500519
0.4934042226861921
0.49341507515711963
0.49345285643474057
0.49347416945106976
0.49362290236563466
0.4936339760879561
0.4936246801940326
0.4938505228465975
0.49404584357337383
0.4938655362090764
0.4938993396996626
0.493240000575525
0.49339541316557095
0.493531649666282
0.493616636975622
0.4938666704317657
0.49381410129414827
0.49354526547782845
0.49354194626653075
0.4938338889569376
0.49392042059603897
0.49389834308986663
0.49400514380010435
0.4935276119292646
0.4938663391686777
0.49360123220599106
0.4940098708564125
0.4934377551163317
0.49351219391516543
0.49378285669247385
0.49379108305774616
0.4935748347885475
0.4939978015059941
0.493925512886739
0.4936817145283818
0.4939134781106885
0.4938474238446529
0.49388328397745945
0.49409833552163923
0.4939547304718379
0.4940953762103177
0.4940432070279033
0.4942739540650774
0.4940453011408918
0.49438957026588043
0.4941618051953271
0.49401376732792457
0.4938663787446999
0.4941878881860684
0.4943649521723203
0.4944542648490892
0.49439700421228916
0.494246709441706
0.4942032883245641
0.49415340877663055
0.49427059449261
0.4943007968612425
0.49436061517165175
0.4942446885503397
0.49411095433628555
0.49402655235953497
0.49420071478109456
0.49416501495635545
0.4940953425308416
0.4938259210128248
0.49414258274170814
0.494077856146359
0.4941571096726604
0.4938352158460052
0.4942739581845435
0.4944528723834425
0.49439440312655053
0.49480937584145585
0.4943778516734981
0.4946063881393112
0.494116094891856
0.49390003384417
0.49416517818376005
0.49408352396218563
0.49352608906667134
0.4934121163821685
0.49360160931216623
0.49374022573120635
0.4923734300600923
0.4924211544825472
0.4923853497645701
0.4927526084530794
0.49224009613470826
0.49352550049574545
0.49366911602876584
0.49380696763931636
0.5023767831614823
0.5022441232531941
0.4940452640843992
0.49428262757274194
0.49423002448181724
0.4943535011342157
0.49413910055884036
0.4939324383345649
0.494137365604437
0.49430948763156607
0.49422218674727414
0.49416150181220986
0.4943097639706741
0.4941720047658108
0.4940899068547288
0.4936294998656359
0.49430219569487666
0.4940610878412089
0.4943288010095018
0.4940327075621217
0.49379971719617344
0.4936485941694182
0.49370395007328055
0.4940323508888371
0.4945161505555932
0.49462923768227046
0.4942749766277922
0.4941806763873569
0.49444823613782524
0.49417377640971644
0.49428847748950794
0.4951052302242974
0.4949451549596867
0.49477863150825396
0.4946986475170504
0.4942385291644164
0.07311295309692042
0.07308396147586496
0.07311494823403672
0.46194207338501553
0.4620269460423007
0.46210272765249966
0.4621330376478352
0.4621057567949415
0.46199360140668966
0.4619360106064966
0.4618905414782466
0.46192691872054953
0.46187538763240327
0.4619905732214828
0.46195722958197655
0.4619360107833944
0.4617207979105754
0.4617632355055632
0.4616813934396483
0.46160258230318657
0.4615874263939036
0.46148739627129093
0.46156923889333157
0.46165411157131503
0.4616571421979757
