0.003728
0.002652
0.002357
0.002311
0.002294
0.002285
0.00228
0.002266
0.002249
0.00224
0.002236
0.002231
0.002232
0.002238
0.002229
0.002223
0.002214
0.002215
0.002211
0.002208
0.002204
0.0022
0.002199
0.002194
0.002192
0.002191
0.002188
0.002185
0.002183
0.002182
1.0798853026290476
1.0798480300327988
1.0796176755969067
1.0794827393163604
1.0794245110545877
1.0791607149043234
1.0789887195594225
1.0789655478596751
1.078824311021918
1.0787466427984334
1.0787050092733956
1.0785180386013846
1.0784017211502246
1.078339303756291
1.0782940096554596
1.0780789405349147
1.0778179512167958
1.0778103824088625
1.0774008416507643
1.0775608438881872
1.0775324308442764
1.0778147241638196
1.0776856216965758
1.0773561278462864
1.0772540304900766
1.076983976172804
1.076864624423265
1.076917323575312
1.076759665310577
1.0764009595970616
1.076395316686467
1.0763185916167597
1.0762556018986313
1.0763475663026243
1.07646418744108
1.0763573012115164
1.0762516929663872
1.0762310521220797
1.076098713071404
1.0759941121186642
1.0761512473827006
1.0758590520776972
1.0757419078482067
1.0755788362168404
1.075438889897648
1.0754749760650728
1.0753592113803476
1.0752477936674878
1.0751790208145946
1.0754538506580662
1.0753214340764552
1.0750535095902076
1.075095726460441
1.0751452826398127
1.074934509902932
1.074920933971939
1.0747805306425497
1.0746333217998816
1.07471883169141
1.0746520202605165
1.0746990820124696
1.074678221403079
1.0745464500242903
1.0746411708980674
1.074550738616468
1.0746417106561077
1.074770679945395
1.074219326050558
1.074323461659598
1.074298992078896
1.0741202573467223
1.0740220080588272
1.0740967163531057
1.0743989599880088
1.0741890889406476
1.074032895204339
1.0742452367400595
1.0741819143593396
1.0740424457598887
1.074067468310282
1.0741001783250412
1.074057300894853
1.0740301161053685
1.0740048601039769
1.073689086496558
1.073841131684187
1.0736887004001792
1.0736015312382332
1.073639171570054
1.0735564894686398
1.0735275804119326
1.0736078935853186
1.0735604995547026
1.0737209957271923
1.073511333288409
1.0732993519226146
1.0733490086686202
1.0732658086930795
1.073236418438692
1.0731553679874408
1.073127193905029
1.0729855159788082
1.0727796177538793
1.0726730215708642
1.0724461317040697
1.0724382973758317
1.0723003472128594
1.0723364649075742
1.0722003458116471
1.0722615911401927
1.0722169539858732
1.0723799315773868
1.072051214301155
1.072142037128185
1.0720045493955737
1.072100712529935
1.0719060463536474
1.0718220019842422
1.0718104083202982
1.072200225506581
1.0721917631167908
1.0722327558654738
1.072257679113938
1.0719637414067453
1.0719170701324707
1.0719728610366395
1.071976093464612
1.071791160413079
1.0717348721636564
1.0715696457007566
1.0713808636549642
1.0715354453214538
1.0715278745712948
1.071358252761562
1.0712688256494545
1.0713510332832257
1.0714620382053968
1.071382451288875
1.071168017050256
1.0711982610031239
1.071091735146742
1.0711409431031336
1.0707746115796222
1.0708976850624767
1.070847483567363
1.0708128434546373
1.0708712301207153
1.0707577404596695
1.070272830169818
1.0702444896657743
1.0703751165542617
1.0701799774008762
1.069984698768593
1.069988753322588
1.0698614504402677
1.0696620592356463
1.0697408399930461
1.0698851199595334
1.0695709290401256
1.0697447723900855
1.0697995387702588
1.0698529808687598
1.070129577030896
1.070116270549827
1.0700888577972603
1.0703590684862765
1.0700954813285186
1.0695821382563242
1.0695602724774418
1.0691688818400114
1.06897208763942
1.0689540120234289
1.0691352122754776
1.0688702324968078
1.068838837233265
1.0686515705751083
1.0686355463332624
1.0685564128134948
1.0687270139340184
1.0688829903217334
1.0687308141693819
1.068725268912083
1.0687926398620329
1.0686904915562776
1.0687439937282677
1.0686783288202373
1.0688023647887888
1.0686957759229956
1.0685719550898036
1.0684356090696594
1.0685121037597949
1.0685060677066078
1.0683104964306138
1.068475984529367
1.0683587388298819
1.0683173977678828
1.0682011708560524
1.0683664430967577
1.0682999590212112
1.068313604849741
1.0681110185936975
1.06804802033881
1.0682491778169285
1.0680571769161586
1.06845769553957
1.0683148590983722
1.0683398695888995
1.0683540295877767
1.0684154635380443
1.068237940799803
1.068331316050011
1.0680872644521149
1.0681092886804706
1.0680927365371942
1.0678867065345177
1.067933398247329
1.0681014702965497
1.0679320860255226
1.0681054741720073
1.0680620920567594
1.068059223750916
1.0680808298361706
1.067936049023907
1.0681533834795875
1.068512567319357
1.0680404739793912
1.0677611849666504
1.0678069970319441
1.067798658741335
1.0678752197155645
1.0677919834023386
1.0675963534304806
1.0677295347521234
1.0678147388334585
1.067576673332901
1.0678327026359744
1.0677269019975921
1.067619530889153
1.0675263019608006
1.0676350364890157
1.06743428181945
1.0672963187610032
1.0677154338104542
1.067384858682531
1.0673453819990046
1.0670863038082765
1.0671580691565306
1.0670363155740485
1.066945788981588
1.06688445467201
1.0670717216011747
1.0671104125641162
1.067261373673693
1.0675322377183618
1.067000298784728
1.066780015217586
1.0667309672689649
1.066660729616637
1.0664905074107744
1.0664564536469192
1.0665514712972826
1.0663321599269653
1.0663691258999959
1.0663887232949
1.0663127367903473
1.0665267195970223
1.0665638956917602
1.0662784509982868
1.0664955966064054
1.0664667737303126
1.0663228102788436
1.0662733077816837
1.0659761422310743
1.0659550091680856
1.0660900751260656
1.0661394235098836
1.065964081416709
1.0658900838414904
1.0656854413105696
1.0657080165663908
1.0656795193970117
1.0656432410395897
1.0657526653966478
1.065759872250518
1.0658728814139875
1.0656484611773596
1.0656494190559167
1.0656721675311591
1.0655315863752088
1.0655626244047485
1.065714335868337
1.0656979209681405
1.065443652134471
1.0652124247359307
1.0651597440124427
1.0654234095819124
1.0653880835473795
1.0653439401248708
1.0653810128751404
1.0651679105967595
1.0651973504230676
1.0653003038716637
1.0654299424383369
1.0653823992628633
1.0652687902678641
1.0653257162447989
1.0653703497630913
1.065283570107711
1.065146294755209
1.0650372924257034
1.0650077212055762
1.0650152614221422
1.06525589194776
1.0649859384907137
1.0648239231138887
1.065041914177321
1.0649442833301863
1.0648772500338959
1.0649197750404766
1.0650907853382459
1.0649102433651663
1.064861605903664
1.0647396257583093
1.0646020635661892
1.0646002103668057
1.0645212982381707
1.064469505518287
1.0644690614713166
1.0644983394605487
1.0647092741700095
1.0646186833486009
1.0645675947080755
1.064735660411187
1.064654041362104
1.0645713813026918
1.0644870426183586
1.0644630808618947
1.0642682815076503
1.0644252596998387
1.0642778876424694
1.064420477421018
1.0642394797024466
1.0640562959638125
1.0641599937816555
1.0642069059822385
1.0641144264142013
1.0639809375659797
1.0636713931051056
1.0637057022716254
1.0638225004687856
1.0635023749661854
1.0637491593432302
1.0632697651321255
1.063587909700134
1.0634924401435621
1.063293877185232
1.0633839550332462
1.0632422100550747
1.0634875648637536
1.0633730509948887
1.063350193167829
1.0633896321360448
1.0633143801089389
1.0631892974614696
1.063457968439862
1.063230863121532
1.0632661776607994
1.0634937744751225
1.063727574554705
1.0634498277819981
1.0635169023844584
1.0636039114482976
1.063562539242937
1.0635098293408973
1.063322288264333
1.0632657249867343
1.0633086438360122
1.0633572197334802
1.0631936721439257
1.063147188204084
1.0629185525023297
1.06315544442437
1.0631586366753738
1.06327399800953
1.0631134749394744
1.0630786728541688
1.0632087572067817
1.0631203417006112
1.0630825674229774
1.0630527198873847
1.0629534688627684
1.062646109992861
1.0628494114396
1.0627909077431386
1.0627510131649354
1.062821437858104
1.062721016416733
1.0627115951772728
1.0629007334633718
1.0629245438617443
1.0628965230344818
1.0628902662225144
1.1790212670012283
1.1390490509048292
1.1163064530629274
1.116098880594377
1.1178914851594246
1.1147100411505566
1.115804027760174
1.1149381383363917
1.1114383090364628
1.1091167563845088
1.7233601124672278
1.2917333357664513
1.2417727357047856
1.248352115026459
1.2267804212571347
1.2377186655949448
1.2824025936297696
1.2681785159426042
1.2644250365885266
1.3255392143189788
1.3148827782863322
1.277864466431709
1.27384057909463
1.2721055741652023
1.28607405117138
1.2795084028425703
1.2786680529173629
1.2517793228857474
1.1183398348367926
1.11030822833243
1.1096826013373493
1.1094184210329316
1.1074739463515662
1.106238599505115
1.1050390843719533
1.1041051241872426
1.1024023158023315
1.1006401355687068
1.0995030292927197
1.0980087301614432
1.0971786244373272
1.0963036664912844
1.094479805328567
1.0938171640758243
1.092569110195905
1.0911012333273151
1.0915798004664974
1.0895801856394538
1.0877872197752794
1.0875839344761136
1.0867147197362912
1.0861007416682478
1.08635326080509
1.085698978349245
1.086832793907908
1.0865244241773362
1.083739297893445
1.0841490991356117
1.0842356581225479
1.0851402092177997
1.082322583266697
1.081252653424509
1.0802667912358495
1.0794127149700863
1.0796384605724194
1.0787236315807207
1.0790782546457223
1.0778996427379939
1.0764761722376393
1.0759398264619071
1.0762201697869638
1.0737996448197649
1.074394911847875
1.0742350288314855
1.0732841958104367
1.0746137369842756
1.0757584585912738
1.0732861046116735
1.0714123086936838
1.0713174063121504
1.0702964091723375
1.0704123742676424
1.0701966331144612
1.0691130547110772
1.070137736252823
1.07053075074893
1.0689836227655884
1.0705410588627935
1.0689622649690322
1.0699780735209492
1.0707360630992528
1.069924192208458
1.069352072037675
1.0670823610677567
1.0671538152308209
1.0677257330939667
1.0674939734126963
1.0673095814064926
1.066678282886866
1.069058284581957
1.0680921463264568
1.0669560595382293
1.066934184115971
1.0684168443475144
1.068815744645334
1.0672176981017096
1.0657421723874252
1.0660614125287515
1.0676424954934516
1.0700961242955231
1.068322667500157
1.0687486632902523
1.0672620440351115
1.0654118898806286
1.0655647567651836
1.0667117180744567
1.0668728607370577
1.066571078809827
1.065546446320569
1.0650211787737287
1.06347894863163
1.0708178265957178
1.0693360778551577
1.0718990273988105
1.069316313090093
1.070982281294956
1.0670516343814949
1.065896723542906
1.0646338236067978
1.0651901113869713
1.0661948869232012
1.0668926488088295
1.065207909535712
1.0646561162913803
1.0647083778329025
1.0643617983822375
1.0624450047064093
1.0632202872289618
1.0656432058762733
1.069946020655958
1.067906639979616
1.0659779545985526
1.0643568158509258
1.0624062711725932
1.0609075224476714
1.0602985019330153
1.0602762629983966
1.0615595053084248
1.0623193926217964
1.0642526767413627
1.0630566708936553
1.0646703897523662
1.0644183398662586
1.062546430029983
1.0619930348108888
1.062626580033836
1.0624126079771536
1.0649564572678998
1.0690810935372006
1.0661385824810377
1.0665953797556635
1.065836993150316
1.0665249322526364
1.0652400182735648
1.0651407142216733
1.065562922039527
1.0650453919580696
1.0660040571167066
1.0659506445129336
1.06514893936635
1.063901067107107
1.0665237492565836
1.0679617638196326
1.0668390845759568
1.064051860778771
1.0638453179607883
1.0631523776275886
1.0645814051515157
1.066752863174928
1.0651207791279418
1.0636680552775193
1.0646758652476322
1.0641952018146923
1.0633588642113654
1.0648179569808227
1.0644688159152844
1.0640451988998492
1.0634959127074024
1.0631298350282583
1.064411837566011
1.0664316448090922
1.0649627809737297
1.0650866869712552
1.064247740055608
1.0640518551779343
1.0649197568377577
1.0640563415835296
1.065763510264877
1.0638915912594902
1.065111440726661
1.0654599871549943
1.0655897926853157
1.066138254425586
1.0654007581276133
1.0626182164039581
1.0618713518938006
1.0644768857722504
1.0664249020342167
1.064871767469832
1.0627505571710194
1.0643762259565652
1.0634906162130664
1.0623271539810708
1.0623605048851048
1.06219023602066
1.0614354025589308
1.0617341369083797
1.063803620952075
1.0658895038838974
1.0646132731889002
1.0689344537440446
1.0652718603393283
1.0670667763786612
1.0677408475386305
1.0637785689972896
1.064893636297557
1.0672859735641813
1.0660016726960417
1.0674321450551312
1.0740348913831432
1.0694276780918537
1.065793800537567
1.0619733770037354
1.0619036425685058
1.0631458759596937
1.0641855646268479
1.0679018864502507
1.0660790114864496
1.0652885425665508
1.067768507766871
1.0667168573388566
1.0640705967966286
1.066405953997594
1.0655889942047605
1.0636791643561803
1.0678103716488965
1.0658093453207016
1.065054552199675
1.0669919876852774
1.066728603456217
1.066397549468059
1.0656568071408887
1.068988432023842
1.0689427261119038
1.0713053925007736
1.066646718429503
1.0645403291073268
1.0645067380279027
1.062578204242063
1.063089762871918
1.0629363718461717
1.0629078527053655
1.0643285283402815
1.0660975562854234
1.0651858618030392
1.066900394232256
1.0671551274526272
1.0669468681419705
1.0628309820393145
1.0653307565460297
1.0647712262145976
1.0641792441731168
1.0638006630159083
1.067272369188617
1.062047048397976
1.0642861363084013
1.068163543092238
1.0666812526852882
1.0677733993297567
1.0693770909068732
1.0701552310699665
1.068535040687379
1.0653277829083245
1.0638587131829347
1.062332080712919
1.0640105507020452
1.0658434926924902
1.0640126759259305
1.0659703102244935
1.0657886873915843
1.064332160426336
1.0612209939418804
1.0608859137257327
1.0601053838629604
1.0603714981102734
1.0603762401726031
1.0606364136656408
1.0602074385127913
1.0681222202555418
1.0647230225328062
1.0693378954931811
1.066641363222365
1.0663460645231784
1.0638044901883599
1.0648216214636514
1.0629952537684815
1.0619409177054564
1.0606928053893896
1.0630347620188196
1.0626799013812365
1.0662108747342025
1.0639292771206919
1.0621645946879232
1.062644517260608
1.0625057059633671
1.064370400606624
1.062002053992715
1.0630287239104868
1.06097685977399
1.062700989933948
1.06308521659609
1.061244163422748
1.0628252089826677
1.065611668265662
1.0662063521857086
1.06722511616132
1.0635873499100694
1.0667136915224464
1.0694696513256963
1.070246133195131
1.0646726238199284
1.0648420873044
1.070384822397522
1.064671871726947
1.0689438425020403
1.067780271736898
1.0662206731691153
1.066609602298157
1.0668962857927928
1.0667170317778147
1.0659667640706292
1.0654700139623245
1.0648895649410524
1.064147845476803
1.064685144930465
1.0637796187476338
1.062795233734451
1.0626571739599453
1.0632879040511203
1.0628766975635755
1.064781245913608
1.0620910644692048
1.0608304590919522
1.0606135127313359
1.0641492472047203
1.0645746163617025
1.063582197580815
1.0607330001204895
1.060947109600924
1.0607718027275261
1.0616021170206982
1.0649835696756054
1.0660725591194669
1.069392140535404
1.0655464454623764
1.0660458457713666
1.067614230820896
1.0684784585351867
1.066979268456439
1.0661697218676518
1.065605552722376
1.066063651869682
1.0697258402074439
1.0680122474568887
1.0639046969912196
1.0651000793393464
1.0681301804106385
1.0682673392747735
1.0629753340544665
1.0635554502776432
1.064393389093522
1.0668401838643453
1.0651819121348718
1.0667360817361125
1.0660369926554738
1.0651687621723422
1.0652786703468267
1.0666155739784227
1.0668307226172966
1.0667743050404925
1.0670667263324765
1.0644743748246224
1.0631252435618093
1.064313345522502
1.0627870274700137
1.0623626831136814
1.063308235324995
1.0707518525576434
1.0700399388880746
1.066443556693148
1.0660007982428485
1.0634071267329939
1.063113633648664
1.0638342425379608
1.0645983897787448
1.0627728936573058
1.0638863293638703
1.0609136476851473
1.0630441584836117
1.0641671810551816
1.0625769868957182
1.0591953300869303
1.0608641731582944
1.06393630982355
1.063209394087393
1.059544883491477
1.0621314154026682
1.065766869298857
1.064636614607546
1.063146603232839
1.0617430024003147
1.061288933410618
1.0604552908033773
1.0652825889055089
1.065307040170572
1.0619908064119152
1.0648394295267762
1.0666406375413933
1.0654326952720943
1.0636380638704372
1.0631380851847352
1.0633562056658852
1.0606270987573851
1.0626317500350846
1.0657474434973246
1.0630040525133502
1.0614275918648681
1.0642765145228574
1.0641138220545765
1.0606714820899215
1.0614063906094358
1.0641545472391012
1.0678695676697347
1.0639394917367193
1.0592587262722222
1.0633547889704096
1.0640918547944072
1.0643822390869737
1.063490017363942
1.0667448801986807
1.0643558028447795
1.0639742563890144
1.0652100014255863
1.0611507774733617
1.0718102740865385
1.0648424173415993
1.0619827647059281
1.0634674811220128
1.0651529352470652
1.068052410660699
1.0643126521931365
1.063132665647021
1.0646721054320156
1.0617748218820595
1.058904479942524
1.0595549406347897
1.0599281317998261
1.0599369145043955
1.0614790647160068
1.0612159313840992
1.0630515451232065
1.0625643930251203
1.0604745326298495
1.061437918678299
1.0620906202867306
1.0636379459705692
1.0649848701988902
1.06046619368995
1.0611985963884083
1.059261731019413
1.0607026814483966
1.0592753786546645
1.0608406557480388
1.0629921508937308
1.062872290710185
1.0617459566835163
1.0612659667511737
1.0635771282026603
1.0664794495978354
1.063260974980476
1.0647771021527401
1.0671118332739011
1.0683928812811774
1.0778865370966004
1.07072485352171
1.0679344968130289
1.0655032706345415
1.0674389065521581
1.0674947905363588
1.0679637975443674
1.06585651410961
1.0644535115616096
1.06554357612896
1.065124857349988
1.066722741819404
1.0658710601371142
1.0639719232114873
1.065279961751814
1.0637332016564867
1.0644049465778687
1.0694221896672371
1.064153466955164
1.061321920328027
1.062472850191353
1.060338984316758
1.0620798312687787
1.0625340330299198
1.0609146296608523
1.0612317578859258
1.0644023237320752
1.065293183531522
1.0613667397748971
1.0622188765308043
1.0622801080379305
1.0622827475733134
1.0600726977251544
1.0597575866650841
1.0607084239996805
1.0658389039163625
1.0661896638918542
1.0677391528056583
1.0663330806548124
1.0639469793494603
1.0634470730342453
1.0649829538376532
1.063647615577772
1.064207539215531
1.0627957502987044
1.061317219566221
1.0607534261343217
1.0610660088570698
1.061609219304917
1.0599949480185316
1.0580504044672017
1.058783703378555
1.0629015947274985
1.0613803465613054
1.0596842032622464
1.0607263068441364
1.0582903102603762
1.060457244761359
1.0591663402584814
1.0574158554241577
1.058351824299219
1.058627011461384
1.0611777784176444
1.0615720400201865
1.061999393544531
1.0619982381009807
1.059461233117211
1.059940046331858
1.0583759202273364
1.0597630693759441
1.0614365397320102
1.062507285997756
1.0639780610226155
1.0589086109716515
1.0576724787800749
1.0578949589563615
1.056418685253741
1.0597453052726111
1.059156093703006
1.0607033208922942
1.05983319899762
1.061262346812498
1.060353677089568
1.0589717119555926
1.0636484306801648
1.0709347337861739
1.0704098713260488
1.0718705625245777
1.0663124706151061
1.0662512591682343
1.0648335748232571
1.0642599044402818
1.0635487940221422
1.0624867066102088
1.0602796906200402
1.0615431697233009
1.0638884555814525
1.0591610393546158
1.059366491618579
1.0594524283367637
1.0595085860505595
1.0595828853595564
1.0570598511431737
1.058232861192407
1.0583054163207233
1.0582876020074712
1.0557262301607613
1.0555948937049993
1.0558635478752358
1.0545886277280045
1.0589967063267767
1.057848477839522
1.0562879799761258
1.0557880130454051
1.0551774394475635
1.0570774953027848
1.058888633177187
1.0572363989124016
1.055390644463467
1.0558214364893064
1.0577901470858277
1.056452305822247
1.0580754997833022
1.0569145413285086
1.0560999190211033
1.05727055700313
1.0572001700252722
1.0553295195303238
1.056888781590586
1.0612078632435187
1.0641581189806584
1.062763461893693
1.0590481119622308
1.0572029146497388
1.0575248415778602
1.0570130759880605
1.0584297817957495
1.060037558629834
1.0581107080647632
1.056447898009036
1.0554258926395967
1.0550361675170647
1.0565096666657483
1.0572334985146679
1.0583155185417368
1.0598436675031824
1.0574905358892794
1.0570994762206392
1.0578224147700022
1.058261348424818
1.0582870048860242
1.055982249018726
1.058554060486039
1.060288727456923
1.0572160758082954
1.0563984876772552
1.0575695040036963
1.0594042806097008
1.0594073332688867
1.059110663894808
1.0591448022753343
1.0604840982545856
1.058511938479975
1.060307522802997
1.0634634508684215
1.0589155734777342
1.0570749315932437
1.0601755726491184
1.0593318431215366
1.057424710154808
1.057630498277001
1.056327514248899
1.0568891532444853
1.0555127479429696
1.0538122376315517
1.053686782740176
1.053731684268661
1.053865044949755
1.0534137326726207
1.0539050964812402
1.0570181654405846
1.0612868508479434
1.0574913955781706
1.0561484165802575
1.0536067733867667
1.0557368593741987
1.0556410769386357
1.0548326462487825
1.0543259043722522
1.0561677516279118
1.0537133459017307
1.0525457791937671
1.0538285313854274
1.0526753924211716
1.0515724597059657
1.050505038665924
1.050084350888014
1.051252693165046
1.0524417648552598
1.0513477219832066
1.0523563896830472
1.0524250542681561
1.0535160456723305
1.0554486760523156
1.0517235527852538
1.0517075417268287
1.053480944789169
1.0589077483807139
1.058851027060154
1.053280944911375
1.0519897385730912
1.053121823834599
1.0569500053626861
1.0570469883082083
1.0555632731432885
1.0599867620458348
1.0566344329619335
1.0559661253055712
1.0542128447560852
1.0551090408033865
1.0552149834274926
1.053381443883681
1.0555617405014623
1.0595965511184826
1.0572073771727346
1.0567175398630881
1.0560426529683735
1.055532660754744
1.0554519696829778
1.0604981230881125
1.0593763914472656
1.057596022925982
1.058134884403278
1.0629382148037028
1.0693848054494774
1.0629314470734867
1.056402365522598
1.0560490152702908
1.0567689745811117
1.0557824444926913
1.054525521439642
1.0531994844698533
1.0553545932673947
1.054884914362254
1.0579222191030697
1.0580454093678835
1.0580391761787995
1.056236412915754
1.055501186910109
1.0558579976184
1.057184030243588
1.0595051353819251
1.0628755707339763
1.059924203366282
1.0570879240887048
1.0547432512963173
1.0537494727090968
1.0533941929347155
1.0580487717330058
1.0550166131390697
1.0526902131070388
1.0548063527319387
1.0538888760971945
1.0515789885142048
1.053826792054665
1.0538108820879521
1.0547537947751748
1.0561821596557714
1.054986461605651
1.0521594375100698
1.0537412665491106
1.0523419016456563
1.0545431439073034
1.0543793921469304
1.054960098913959
1.0552746615606639
1.0543921442468076
1.0544337966069164
1.0532133926569254
1.05279624884223
1.0551808994179905
1.0557370234075705
1.0549959034869043
1.0546741834453295
1.057074080895615
1.055717532298703
1.0578587571305322
1.0597433674509105
1.056871440181034
1.0561621368795882
1.0542909571451062
1.0540543195134673
1.0553354652361453
1.0528232665890225
1.0549232410901466
1.0547826470838897
1.0575594944279723
1.0615853154425843
1.0609457595395948
1.0599870751337281
1.063153248365711
1.0611688564317874
1.0580034171860493
1.0582152777612215
1.0574717689990687
1.0576840228749216
1.053701405911864
1.0543418988144857
1.056401242329026
1.057183574029478
1.05749920954127
1.0546273325829405
1.055126727172528
1.0523180745294642
1.0508728085768606
1.051923834816482
1.052767633106754
1.048807731668856
1.047947501839612
1.0477411562478622
1.0485048890436781
1.0509437961823342
1.0499119995597
1.052756818094597
1.0559608219682775
1.0500547299491703
1.050307960530584
1.0524492336159916
1.0520350831012126
1.0564972039010232
1.0561853620018313
1.0533065047468584
1.0520862985030104
1.0526598202887905
1.0517170314382098
1.0544192019164986
1.0560168519355733
1.0534474942077467
1.0496051502021861
1.0494983560448425
1.0492134901741152
1.049462175885556
1.049580022288878
1.050180039780573
1.0549853953435664
1.053729158743049
1.0523357382863572
1.053920751265483
1.050914649163471
1.051526456579876
1.0511654318094912
1.0546662485673954
1.0539002064484218
1.0529509392564143
1.052384888797475
1.052784958295335
1.0540299912466142
1.055715864892393
1.053715792425623
1.0535296460279393
1.054379795875782
1.051623717241073
1.0539463271977254
1.0562649942896458
1.057292050778061
1.0598983482221738
1.0571937273242493
1.0546232110729767
1.052940717599819
1.051519350303932
1.053984568450754
1.0540613546441073
1.0539821200834412
1.0526479536856919
1.053903174711131
1.056549847417341
1.0567663200442947
1.0554331088376043
1.0537328984108982
1.057538211068341
1.0599258744763709
1.0592700424971462
1.0577233962365635
1.0560961330136713
1.0556502464538036
1.054295140193697
1.0521451596762534
1.051965268933106
1.056168384474453
1.0571141943863547
1.055943124459569
1.0578966255440008
1.0557235862158487
1.058314019064542
1.0541334562232276
1.0546649563889055
1.0549607032397077
1.055302141026421
1.0532874366027798
1.0522460616264921
1.0499869671608548
1.0510025851883464
1.05175665477106
1.0517562347563083
1.0548844934751949
1.0514346592355133
1.0544447835766129
1.053778951933225
1.0539993713093618
1.052509775074081
1.0511704554154866
1.052934378864325
1.0526678340470548
1.052978078618146
1.051481855401898
1.0542276883732002
1.0527881135819466
1.0550752217778188
1.05269524991057
1.0521490033971446
1.0497924678522332
1.0513598080126283
1.0508032999592312
1.056174384859006
1.0558270002542085
1.05148286327018
1.0497666721266774
1.0494559455166512
1.0501484392508866
1.0488284111036048
1.049210467828328
1.0494467759591384
1.0504307993965403
1.0516717603476704
1.053285185676248
1.0541560284584361
1.0534473283817685
1.0530435079918021
1.0514285732659994
1.0509368419476481
1.053658956742417
1.050045540252359
1.052709192247501
1.0525999023754498
1.0508009339276034
1.050100230674009
1.0494393545740313
1.0500726504270699
1.0527498660364456
1.0509864995518465
1.0551799179306651
1.0544633091932858
1.0517382512097144
1.0514715186148
1.0505190791191228
1.05304533227235
1.0511662894008915
1.0500309704721134
1.0493367032290266
1.0527243853494779
1.052963916643167
1.0513722693912593
1.0507783563653894
1.0482758937563597
1.05011281360265
1.0498694503995116
1.0495026857907481
1.050173418024983
1.0524422889682212
1.0517002195702525
1.0491624628096776
1.0488986823270763
1.0526934995813904
1.0537003116879415
1.050563969908907
1.0540888069187062
1.0517667634228727
1.049918334340168
1.0504199947165715
1.0515929233052503
1.0518526406236999
1.0523242372733488
1.0502940483094418
1.0517287795570789
1.0507994252700048
1.0504118114539571
1.0504122407761471
1.0511143420284728
1.0482959525060611
1.049943173982596
1.0520638402324047
1.049724580089606
1.0526324201889201
1.0505136216261426
1.0504293329851713
1.0494242141351622
1.048997783207492
1.0509171229378047
1.0501530126444747
1.050054143507141
1.0512734355894453
1.0507014245022943
1.0496710625435453
1.0516579075168506
1.0550373782067703
1.0562600728593958
1.0544549143240647
1.0536302115892238
1.052990391848439
1.052088369988224
1.053334977974355
1.0533545091613863
1.0545570538135838
1.0540427681098676
1.0514930421554674
1.050626456082469
1.050523382591346
1.0531673969440398
1.053733838634399
1.0532121386905946
1.0515010745596618
1.0517203478674388
1.0558229453868602
1.0526792597593
1.0534424465780017
1.0533181383506391
1.0554209544971729
1.052763258732005
1.0510634122044107
1.0501675346087074
1.0497095491832262
1.0495823329811917
1.0488117564401767
1.048007906650275
1.0471217417690195
1.1101803093490823
1.1090045954002692
1.1020945335724146
1.0994984116739774
1.0977734370298189
1.0969720690626303
1.0997752537986585
1.0979554969199445
1.097263032612685
1.0970405438968165
1.0974475858687804
1.0971291204044542
1.0980981117441695
1.097316182744996
1.1008275694163516
1.0976609252567706
1.0968815434638668
1.0974012423789494
1.0973966310837322
1.096776344034639
1.0971128705708484
1.0977588990648093
1.099383831204842
1.0982206022205885
1.0979635535426757
1.0981590238229393
1.0968934639411416
1.103746965277981
1.102636428783489
1.0994933111185852
1.0985496850643266
1.0974461514222666
1.0975530601906807
1.0979128404066245
1.0960160049957308
1.0962832925449069
0.14887318428160268
0.1486638744245151
0.14844951993006494
1.0402257771631918
1.0403265271705935
1.040151437762413
1.040115860607507
1.0403358827662619
1.040847100811323
1.0399766969517459
1.0406883212919893
1.0406254183069708
1.040687496668355
1.0410113620549561
1.0402935117348087
1.0408378802267109
1.0403118352319018
1.0415563844909603
1.042995158806406
1.0391131838857726
1.0394317613652042
1.0404828199506506
1.0405090131302688
1.0396157899501062
1.0395330472015691
