6 -7 711.961 1
6 -7 675.961 2
6 -7 639.961 3
6 -7 603.961 4
6 -7 567.961 5
6 -7 531.961 6
6 -7 495.961 7
6 -7 459.961 8
6 -7 423.961 9
6 -7 387.961 10
6 -7 351.961 11
6 -7 315.961 12
6 -7 279.961 13
6 -7 243.961 14
6 -7 207.961 15
6 -7 171.961 16
6 -7 135.961 17
6 -7 99.9608 18
99 -2 711.961 19
99 -2 675.961 20
99 -2 639.961 21
99 -2 603.961 22
99 -2 567.961 23
99 -2 531.961 24
99 -2 495.961 25
99 -2 459.961 26
99 -2 423.961 27
99 -2 387.961 28
99 -2 351.961 29
99 -2 315.961 30
99 -2 279.961 31
99 -2 243.961 32
99 -2 207.961 33
99 -2 171.961 34
99 -2 135.961 35
99 -2 99.9608 36
50 80 711.961 37
50 80 675.961 38
50 80 639.961 39
50 80 603.961 40
50 80 567.961 41
50 80 531.961 42
50 80 495.961 43
50 80 459.961 44
50 80 423.961 45
50 80 387.961 46
50 80 351.961 47
50 80 315.961 48
50 80 279.961 49
50 80 243.961 50
50 80 207.961 51
50 80 171.961 52
50 80 135.961 53
50 80 99.9608 54
-48 80 711.961 55
-48 80 675.961 56
-48 80 639.961 57
-48 80 603.961 58
-48 80 567.961 59
-48 80 531.961 60
-48 80 495.961 61
-48 80 459.961 62
-48 80 423.961 63
-48 80 387.961 64
-48 80 351.961 65
-48 80 315.961 66
-48 80 279.961 67
-48 80 243.961 68
-48 80 207.961 69
-48 80 171.961 70
-48 80 135.961 71
-48 80 99.9608 72
-92 2 711.961 73
-92 2 675.961 74
-92 2 639.961 75
-92 2 603.961 76
-92 2 567.961 77
-92 2 531.961 78
-92 2 495.961 79
-92 2 459.961 80
-92 2 423.961 81
-92 2 387.961 82
-92 2 351.961 83
-92 2 315.961 84
-92 2 279.961 85
-92 2 243.961 86
-92 2 207.961 87
-92 2 171.961 88
-92 2 135.961 89
-92 2 99.9608 90
-47 -73 711.961 91
-47 -73 675.961 92
-47 -73 639.961 93
-47 -73 603.961 94
-47 -73 567.961 95
-47 -73 531.961 96
-47 -73 495.961 97
-47 -73 459.961 98
-47 -73 423.961 99
-47 -73 387.961 100
-47 -73 351.961 101
-47 -73 315.961 102
-47 -73 279.961 103
-47 -73 243.961 104
-47 -73 207.961 105
-47 -73 171.961 106
-47 -73 135.961 107
-47 -73 99.9608 108
43 -87 711.961 109
43 -87 675.961 110
43 -87 639.961 111
43 -87 603.961 112
43 -87 567.961 113
43 -87 531.961 114
43 -87 495.961 115
43 -87 459.961 116
43 -87 423.961 117
43 -87 387.961 118
43 -87 351.961 119
43 -87 315.961 120
43 -87 279.961 121
43 -87 243.961 122
43 -87 207.961 123
43 -87 171.961 124
43 -87 135.961 125
43 -87 99.9608 126
183 8 711.961 127
183 8 675.961 128
183 8 639.961 129
183 8 603.961 130
183 8 567.961 131
183 8 531.961 132
183 8 495.961 133
183 8 459.961 134
183 8 423.961 135
183 8 387.961 136
183 8 351.961 137
183 8 315.961 138
183 8 279.961 139
183 8 243.961 140
183 8 207.961 141
183 8 171.961 142
183 8 135.961 143
183 8 99.9608 144
139 77 711.961 145
139 77 675.961 146
139 77 639.961 147
139 77 603.961 148
139 77 567.961 149
139 77 531.961 150
139 77 495.961 151
139 77 459.961 152
139 77 423.961 153
139 77 387.961 154
139 77 351.961 155
139 77 315.961 156
139 77 279.961 157
139 77 243.961 158
139 77 207.961 159
139 77 171.961 160
139 77 135.961 161
139 77 99.9608 162
126 -74 711.961 163
126 -74 675.961 164
126 -74 639.961 165
126 -74 603.961 166
126 -74 567.961 167
126 -74 531.961 168
126 -74 495.961 169
126 -74 459.961 170
126 -74 423.961 171
126 -74 387.961 172
126 -74 351.961 173
126 -74 315.961 174
126 -74 279.961 175
126 -74 243.961 176
126 -74 207.961 177
126 -74 171.961 178
126 -74 135.961 179
126 -74 99.9608 180
93 158 711.961 181
93 158 675.961 182
93 158 639.961 183
93 158 603.961 184
93 158 567.961 185
93 158 531.961 186
93 158 495.961 187
93 158 459.961 188
93 158 423.961 189
93 158 387.961 190
93 158 351.961 191
93 158 315.961 192
93 158 279.961 193
93 158 243.961 194
93 158 207.961 195
93 158 171.961 196
93 158 135.961 197
93 158 99.9608 198
-1 165 711.961 199
-1 165 675.961 200
-1 165 639.961 201
-1 165 603.961 202
-1 165 567.961 203
-1 165 531.961 204
-1 165 495.961 205
-1 165 459.961 206
-1 165 423.961 207
-1 165 387.961 208
-1 165 351.961 209
-1 165 315.961 210
-1 165 279.961 211
-1 165 243.961 212
-1 165 207.961 213
-1 165 171.961 214
-1 165 135.961 215
-1 165 99.9608 216
-90 161 711.961 217
-90 161 675.961 218
-90 161 639.961 219
-90 161 603.961 220
-90 161 567.961 221
-90 161 531.961 222
-90 161 495.961 223
-90 161 459.961 224
-90 161 423.961 225
-90 161 387.961 226
-90 161 351.961 227
-90 161 315.961 228
-90 161 279.961 229
-90 161 243.961 230
-90 161 207.961 231
-90 161 171.961 232
-90 161 135.961 233
-90 161 99.9608 234
-134 74 711.961 235
-134 74 675.961 236
-134 74 639.961 237
-134 74 603.961 238
-134 74 567.961 239
-134 74 531.961 240
-134 74 495.961 241
-134 74 459.961 242
-134 74 423.961 243
-134 74 387.961 244
-134 74 351.961 245
-134 74 315.961 246
-134 74 279.961 247
-134 74 243.961 248
-134 74 207.961 249
-134 74 171.961 250
-134 74 135.961 251
-134 74 99.9608 252
-180 1.34301e-18 711.961 253
-180 1.34301e-18 675.961 254
-180 1.34301e-18 639.961 255
-180 1.34301e-18 603.961 256
-180 1.34301e-18 567.961 257
-180 1.34301e-18 531.961 258
-180 1.34301e-18 495.961 259
-180 1.34301e-18 459.961 260
-180 1.34301e-18 423.961 261
-180 1.34301e-18 387.961 262
-180 1.34301e-18 351.961 263
-180 1.34301e-18 315.961 264
-180 1.34301e-18 279.961 265
-180 1.34301e-18 243.961 266
-180 1.34301e-18 207.961 267
-180 1.34301e-18 171.961 268
-180 1.34301e-18 135.961 269
-180 1.34301e-18 99.9608 270
-142 -72 711.961 271
-142 -72 675.961 272
-142 -72 639.961 273
-142 -72 603.961 274
-142 -72 567.961 275
-142 -72 531.961 276
-142 -72 495.961 277
-142 -72 459.961 278
-142 -72 423.961 279
-142 -72 387.961 280
-142 -72 351.961 281
-142 -72 315.961 282
-142 -72 279.961 283
-142 -72 243.961 284
-142 -72 207.961 285
-142 -72 171.961 286
-142 -72 135.961 287
-142 -72 99.9608 288
-86 -151 711.961 289
-86 -151 675.961 290
-86 -151 639.961 291
-86 -151 603.961 292
-86 -151 567.961 293
-86 -151 531.961 294
-86 -151 495.961 295
-86 -151 459.961 296
-86 -151 423.961 297
-86 -151 387.961 298
-86 -151 351.961 299
-86 -151 315.961 300
-86 -151 279.961 301
-86 -151 243.961 302
-86 -151 207.961 303
-86 -151 171.961 304
-86 -151 135.961 305
-86 -151 99.9608 306
8.95341e-19 -157 711.961 307
8.95341e-19 -157 675.961 308
8.95341e-19 -157 639.961 309
8.95341e-19 -157 603.961 310
8.95341e-19 -157 567.961 311
8.95341e-19 -157 531.961 312
8.95341e-19 -157 495.961 313
8.95341e-19 -157 459.961 314
8.95341e-19 -157 423.961 315
8.95341e-19 -157 387.961 316
8.95341e-19 -157 351.961 317
8.95341e-19 -157 315.961 318
8.95341e-19 -157 279.961 319
8.95341e-19 -157 243.961 320
8.95341e-19 -157 207.961 321
8.95341e-19 -157 171.961 322
8.95341e-19 -157 135.961 323
8.95341e-19 -157 99.9608 324
86 -164 711.961 325
86 -164 675.961 326
86 -164 639.961 327
86 -164 603.961 328
86 -164 567.961 329
86 -164 531.961 330
86 -164 495.961 331
86 -164 459.961 332
86 -164 423.961 333
86 -164 387.961 334
86 -164 351.961 335
86 -164 315.961 336
86 -164 279.961 337
86 -164 243.961 338
86 -164 207.961 339
86 -164 171.961 340
86 -164 135.961 341
86 -164 99.9608 342
261 4 711.961 343
261 4 675.961 344
261 4 639.961 345
261 4 603.961 346
261 4 567.961 347
261 4 531.961 348
261 4 495.961 349
261 4 459.961 350
261 4 423.961 351
261 4 387.961 352
261 4 351.961 353
261 4 315.961 354
261 4 279.961 355
261 4 243.961 356
261 4 207.961 357
261 4 171.961 358
261 4 135.961 359
261 4 99.9608 360
229 73 711.961 361
229 73 675.961 362
229 73 639.961 363
229 73 603.961 364
229 73 567.961 365
229 73 531.961 366
229 73 495.961 367
229 73 459.961 368
229 73 423.961 369
229 73 387.961 370
229 73 351.961 371
229 73 315.961 372
229 73 279.961 373
229 73 243.961 374
229 73 207.961 375
229 73 171.961 376
229 73 135.961 377
229 73 99.9608 378
219 -83 711.961 379
219 -83 675.961 380
219 -83 639.961 381
219 -83 603.961 382
219 -83 567.961 383
219 -83 531.961 384
219 -83 495.961 385
219 -83 459.961 386
219 -83 423.961 387
219 -83 387.961 388
219 -83 351.961 389
219 -83 315.961 390
219 -83 279.961 391
219 -83 243.961 392
219 -83 207.961 393
219 -83 171.961 394
219 -83 135.961 395
219 -83 99.9608 396
185 148 711.961 397
185 148 675.961 398
185 148 639.961 399
185 148 603.961 400
185 148 567.961 401
185 148 531.961 402
185 148 495.961 403
185 148 459.961 404
185 148 423.961 405
185 148 387.961 406
185 148 351.961 407
185 148 315.961 408
185 148 279.961 409
185 148 243.961 410
185 148 207.961 411
185 148 171.961 412
185 148 135.961 413
185 148 99.9608 414
177 -164 711.961 415
177 -164 675.961 416
177 -164 639.961 417
177 -164 603.961 418
177 -164 567.961 419
177 -164 531.961 420
177 -164 495.961 421
177 -164 459.961 422
177 -164 423.961 423
177 -164 387.961 424
177 -164 351.961 425
177 -164 315.961 426
177 -164 279.961 427
177 -164 243.961 428
177 -164 207.961 429
177 -164 171.961 430
177 -164 135.961 431
177 -164 99.9608 432
138 236 711.961 433
138 236 675.961 434
138 236 639.961 435
138 236 603.961 436
138 236 567.961 437
138 236 531.961 438
138 236 495.961 439
138 236 459.961 440
138 236 423.961 441
138 236 387.961 442
138 236 351.961 443
138 236 315.961 444
138 236 279.961 445
138 236 243.961 446
138 236 207.961 447
138 236 171.961 448
138 236 135.961 449
138 236 99.9608 450
52 230 711.961 451
52 230 675.961 452
52 230 639.961 453
52 230 603.961 454
52 230 567.961 455
52 230 531.961 456
52 230 495.961 457
52 230 459.961 458
52 230 423.961 459
52 230 387.961 460
52 230 351.961 461
52 230 315.961 462
52 230 279.961 463
52 230 243.961 464
52 230 207.961 465
52 230 171.961 466
52 230 135.961 467
52 230 99.9608 468
-51 228 711.961 469
-51 228 675.961 470
-51 228 639.961 471
-51 228 603.961 472
-51 228 567.961 473
-51 228 531.961 474
-51 228 495.961 475
-51 228 459.961 476
-51 228 423.961 477
-51 228 387.961 478
-51 228 351.961 479
-51 228 315.961 480
-51 228 279.961 481
-51 228 243.961 482
-51 228 207.961 483
-51 228 171.961 484
-51 228 135.961 485
-51 228 99.9608 486
-132 230 711.961 487
-132 230 675.961 488
-132 230 639.961 489
-132 230 603.961 490
-132 230 567.961 491
-132 230 531.961 492
-132 230 495.961 493
-132 230 459.961 494
-132 230 423.961 495
-132 230 387.961 496
-132 230 351.961 497
-132 230 315.961 498
-132 230 279.961 499
-132 230 243.961 500
-132 230 207.961 501
-132 230 171.961 502
-132 230 135.961 503
-132 230 99.9608 504
-186 154 711.961 505
-186 154 675.961 506
-186 154 639.961 507
-186 154 603.961 508
-186 154 567.961 509
-186 154 531.961 510
-186 154 495.961 511
-186 154 459.961 512
-186 154 423.961 513
-186 154 387.961 514
-186 154 351.961 515
-186 154 315.961 516
-186 154 279.961 517
-186 154 243.961 518
-186 154 207.961 519
-186 154 171.961 520
-186 154 135.961 521
-186 154 99.9608 522
-233 75 711.961 523
-233 75 675.961 524
-233 75 639.961 525
-233 75 603.961 526
-233 75 567.961 527
-233 75 531.961 528
-233 75 495.961 529
-233 75 459.961 530
-233 75 423.961 531
-233 75 387.961 532
-233 75 351.961 533
-233 75 315.961 534
-233 75 279.961 535
-233 75 243.961 536
-233 75 207.961 537
-233 75 171.961 538
-233 75 135.961 539
-233 75 99.9608 540
-277 -1 711.961 541
-277 -1 675.961 542
-277 -1 639.961 543
-277 -1 603.961 544
-277 -1 567.961 545
-277 -1 531.961 546
-277 -1 495.961 547
-277 -1 459.961 548
-277 -1 423.961 549
-277 -1 387.961 550
-277 -1 351.961 551
-277 -1 315.961 552
-277 -1 279.961 553
-277 -1 243.961 554
-277 -1 207.961 555
-277 -1 171.961 556
-277 -1 135.961 557
-277 -1 99.9608 558
-216 -73 711.961 559
-216 -73 675.961 560
-216 -73 639.961 561
-216 -73 603.961 562
-216 -73 567.961 563
-216 -73 531.961 564
-216 -73 495.961 565
-216 -73 459.961 566
-216 -73 423.961 567
-216 -73 387.961 568
-216 -73 351.961 569
-216 -73 315.961 570
-216 -73 279.961 571
-216 -73 243.961 572
-216 -73 207.961 573
-216 -73 171.961 574
-216 -73 135.961 575
-216 -73 99.9608 576
-181 -162 711.961 577
-181 -162 675.961 578
-181 -162 639.961 579
-181 -162 603.961 580
-181 -162 567.961 581
-181 -162 531.961 582
-181 -162 495.961 583
-181 -162 459.961 584
-181 -162 423.961 585
-181 -162 387.961 586
-181 -162 351.961 587
-181 -162 315.961 588
-181 -162 279.961 589
-181 -162 243.961 590
-181 -162 207.961 591
-181 -162 171.961 592
-181 -162 135.961 593
-181 -162 99.9608 594
-134 -240 711.961 595
-134 -240 675.961 596
-134 -240 639.961 597
-134 -240 603.961 598
-134 -240 567.961 599
-134 -240 531.961 600
-134 -240 495.961 601
-134 -240 459.961 602
-134 -240 423.961 603
-134 -240 387.961 604
-134 -240 351.961 605
-134 -240 315.961 606
-134 -240 279.961 607
-134 -240 243.961 608
-134 -240 207.961 609
-134 -240 171.961 610
-134 -240 135.961 611
-134 -240 99.9608 612
-39 -228 711.961 613
-39 -228 675.961 614
-39 -228 639.961 615
-39 -228 603.961 616
-39 -228 567.961 617
-39 -228 531.961 618
-39 -228 495.961 619
-39 -228 459.961 620
-39 -228 423.961 621
-39 -228 387.961 622
-39 -228 351.961 623
-39 -228 315.961 624
-39 -228 279.961 625
-39 -228 243.961 626
-39 -228 207.961 627
-39 -228 171.961 628
-39 -228 135.961 629
-39 -228 99.9608 630
47 -227 711.961 631
47 -227 675.961 632
47 -227 639.961 633
47 -227 603.961 634
47 -227 567.961 635
47 -227 531.961 636
47 -227 495.961 637
47 -227 459.961 638
47 -227 423.961 639
47 -227 387.961 640
47 -227 351.961 641
47 -227 315.961 642
47 -227 279.961 643
47 -227 243.961 644
47 -227 207.961 645
47 -227 171.961 646
47 -227 135.961 647
47 -227 99.9608 648
139 -234 711.961 649
139 -234 675.961 650
139 -234 639.961 651
139 -234 603.961 652
139 -234 567.961 653
139 -234 531.961 654
139 -234 495.961 655
139 -234 459.961 656
139 -234 423.961 657
139 -234 387.961 658
139 -234 351.961 659
139 -234 315.961 660
139 -234 279.961 661
139 -234 243.961 662
139 -234 207.961 663
139 -234 171.961 664
139 -234 135.961 665
139 -234 99.9608 666
366 -5 711.961 667
366 -5 675.961 668
366 -5 639.961 669
366 -5 603.961 670
366 -5 567.961 671
366 -5 531.961 672
366 -5 495.961 673
366 -5 459.961 674
366 -5 423.961 675
366 -5 387.961 676
366 -5 351.961 677
366 -5 315.961 678
366 -5 279.961 679
366 -5 243.961 680
366 -5 207.961 681
366 -5 171.961 682
366 -5 135.961 683
366 -5 99.9608 684
320 73 711.961 685
320 73 675.961 686
320 73 639.961 687
320 73 603.961 688
320 73 567.961 689
320 73 531.961 690
320 73 495.961 691
320 73 459.961 692
320 73 423.961 693
320 73 387.961 694
320 73 351.961 695
320 73 315.961 696
320 73 279.961 697
320 73 243.961 698
320 73 207.961 699
320 73 171.961 700
320 73 135.961 701
320 73 99.9608 702
307 -76 711.961 703
307 -76 675.961 704
307 -76 639.961 705
307 -76 603.961 706
307 -76 567.961 707
307 -76 531.961 708
307 -76 495.961 709
307 -76 459.961 710
307 -76 423.961 711
307 -76 387.961 712
307 -76 351.961 713
307 -76 315.961 714
307 -76 279.961 715
307 -76 243.961 716
307 -76 207.961 717
307 -76 171.961 718
307 -76 135.961 719
307 -76 99.9608 720
278 159 711.961 721
278 159 675.961 722
278 159 639.961 723
278 159 603.961 724
278 159 567.961 725
278 159 531.961 726
278 159 495.961 727
278 159 459.961 728
278 159 423.961 729
278 159 387.961 730
278 159 351.961 731
278 159 315.961 732
278 159 279.961 733
278 159 243.961 734
278 159 207.961 735
278 159 171.961 736
278 159 135.961 737
278 159 99.9608 738
272 -165 711.961 739
272 -165 675.961 740
272 -165 639.961 741
272 -165 603.961 742
272 -165 567.961 743
272 -165 531.961 744
272 -165 495.961 745
272 -165 459.961 746
272 -165 423.961 747
272 -165 387.961 748
272 -165 351.961 749
272 -165 315.961 750
272 -165 279.961 751
272 -165 243.961 752
272 -165 207.961 753
272 -165 171.961 754
272 -165 135.961 755
272 -165 99.9608 756
225 228 711.961 757
225 228 675.961 758
225 228 639.961 759
225 228 603.961 760
225 228 567.961 761
225 228 531.961 762
225 228 495.961 763
225 228 459.961 764
225 228 423.961 765
225 228 387.961 766
225 228 351.961 767
225 228 315.961 768
225 228 279.961 769
225 228 243.961 770
225 228 207.961 771
225 228 171.961 772
225 228 135.961 773
225 228 99.9608 774
229 -234 711.961 775
229 -234 675.961 776
229 -234 639.961 777
229 -234 603.961 778
229 -234 567.961 779
229 -234 531.961 780
229 -234 495.961 781
229 -234 459.961 782
229 -234 423.961 783
229 -234 387.961 784
229 -234 351.961 785
229 -234 315.961 786
229 -234 279.961 787
229 -234 243.961 788
229 -234 207.961 789
229 -234 171.961 790
229 -234 135.961 791
229 -234 99.9608 792
184 312 711.961 793
184 312 675.961 794
184 312 639.961 795
184 312 603.961 796
184 312 567.961 797
184 312 531.961 798
184 312 495.961 799
184 312 459.961 800
184 312 423.961 801
184 312 387.961 802
184 312 351.961 803
184 312 315.961 804
184 312 279.961 805
184 312 243.961 806
184 312 207.961 807
184 312 171.961 808
184 312 135.961 809
184 312 99.9608 810
97 312 711.961 811
97 312 675.961 812
97 312 639.961 813
97 312 603.961 814
97 312 567.961 815
97 312 531.961 816
97 312 495.961 817
97 312 459.961 818
97 312 423.961 819
97 312 387.961 820
97 312 351.961 821
97 312 315.961 822
97 312 279.961 823
97 312 243.961 824
97 312 207.961 825
97 312 171.961 826
97 312 135.961 827
97 312 99.9608 828
-4 308 711.961 829
-4 308 675.961 830
-4 308 639.961 831
-4 308 603.961 832
-4 308 567.961 833
-4 308 531.961 834
-4 308 495.961 835
-4 308 459.961 836
-4 308 423.961 837
-4 308 387.961 838
-4 308 351.961 839
-4 308 315.961 840
-4 308 279.961 841
-4 308 243.961 842
-4 308 207.961 843
-4 308 171.961 844
-4 308 135.961 845
-4 308 99.9608 846
-85 315 711.961 847
-85 315 675.961 848
-85 315 639.961 849
-85 315 603.961 850
-85 315 567.961 851
-85 315 531.961 852
-85 315 495.961 853
-85 315 459.961 854
-85 315 423.961 855
-85 315 387.961 856
-85 315 351.961 857
-85 315 315.961 858
-85 315 279.961 859
-85 315 243.961 860
-85 315 207.961 861
-85 315 171.961 862
-85 315 135.961 863
-85 315 99.9608 864
-179 310 711.961 865
-179 310 675.961 866
-179 310 639.961 867
-179 310 603.961 868
-179 310 567.961 869
-179 310 531.961 870
-179 310 495.961 871
-179 310 459.961 872
-179 310 423.961 873
-179 310 387.961 874
-179 310 351.961 875
-179 310 315.961 876
-179 310 279.961 877
-179 310 243.961 878
-179 310 207.961 879
-179 310 171.961 880
-179 310 135.961 881
-179 310 99.9608 882
-219 226 711.961 883
-219 226 675.961 884
-219 226 639.961 885
-219 226 603.961 886
-219 226 567.961 887
-219 226 531.961 888
-219 226 495.961 889
-219 226 459.961 890
-219 226 423.961 891
-219 226 387.961 892
-219 226 351.961 893
-219 226 315.961 894
-219 226 279.961 895
-219 226 243.961 896
-219 226 207.961 897
-219 226 171.961 898
-219 226 135.961 899
-219 226 99.9608 900
-272 148 711.961 901
-272 148 675.961 902
-272 148 639.961 903
-272 148 603.961 904
-272 148 567.961 905
-272 148 531.961 906
-272 148 495.961 907
-272 148 459.961 908
-272 148 423.961 909
-272 148 387.961 910
-272 148 351.961 911
-272 148 315.961 912
-272 148 279.961 913
-272 148 243.961 914
-272 148 207.961 915
-272 148 171.961 916
-272 148 135.961 917
-272 148 99.9608 918
-314 69 711.961 919
-314 69 675.961 920
-314 69 639.961 921
-314 69 603.961 922
-314 69 567.961 923
-314 69 531.961 924
-314 69 495.961 925
-314 69 459.961 926
-314 69 423.961 927
-314 69 387.961 928
-314 69 351.961 929
-314 69 315.961 930
-314 69 279.961 931
-314 69 243.961 932
-314 69 207.961 933
-314 69 171.961 934
-314 69 135.961 935
-314 69 99.9608 936
-363 -9 711.961 937
-363 -9 675.961 938
-363 -9 639.961 939
-363 -9 603.961 940
-363 -9 567.961 941
-363 -9 531.961 942
-363 -9 495.961 943
-363 -9 459.961 944
-363 -9 423.961 945
-363 -9 387.961 946
-363 -9 351.961 947
-363 -9 315.961 948
-363 -9 279.961 949
-363 -9 243.961 950
-363 -9 207.961 951
-363 -9 171.961 952
-363 -9 135.961 953
-363 -9 99.9608 954
-306 -81 711.961 955
-306 -81 675.961 956
-306 -81 639.961 957
-306 -81 603.961 958
-306 -81 567.961 959
-306 -81 531.961 960
-306 -81 495.961 961
-306 -81 459.961 962
-306 -81 423.961 963
-306 -81 387.961 964
-306 -81 351.961 965
-306 -81 315.961 966
-306 -81 279.961 967
-306 -81 243.961 968
-306 -81 207.961 969
-306 -81 171.961 970
-306 -81 135.961 971
-306 -81 99.9608 972
-274 -157 711.961 973
-274 -157 675.961 974
-274 -157 639.961 975
-274 -157 603.961 976
-274 -157 567.961 977
-274 -157 531.961 978
-274 -157 495.961 979
-274 -157 459.961 980
-274 -157 423.961 981
-274 -157 387.961 982
-274 -157 351.961 983
-274 -157 315.961 984
-274 -157 279.961 985
-274 -157 243.961 986
-274 -157 207.961 987
-274 -157 171.961 988
-274 -157 135.961 989
-274 -157 99.9608 990
-224 -233 711.961 991
-224 -233 675.961 992
-224 -233 639.961 993
-224 -233 603.961 994
-224 -233 567.961 995
-224 -233 531.961 996
-224 -233 495.961 997
-224 -233 459.961 998
-224 -233 423.961 999
-224 -233 387.961 1000
-224 -233 351.961 1001
-224 -233 315.961 1002
-224 -233 279.961 1003
-224 -233 243.961 1004
-224 -233 207.961 1005
-224 -233 171.961 1006
-224 -233 135.961 1007
-224 -233 99.9608 1008
-180 -315 711.961 1009
-180 -315 675.961 1010
-180 -315 639.961 1011
-180 -315 603.961 1012
-180 -315 567.961 1013
-180 -315 531.961 1014
-180 -315 495.961 1015
-180 -315 459.961 1016
-180 -315 423.961 1017
-180 -315 387.961 1018
-180 -315 351.961 1019
-180 -315 315.961 1020
-180 -315 279.961 1021
-180 -315 243.961 1022
-180 -315 207.961 1023
-180 -315 171.961 1024
-180 -315 135.961 1025
-180 -315 99.9608 1026
-82 -309 711.961 1027
-82 -309 675.961 1028
-82 -309 639.961 1029
-82 -309 603.961 1030
-82 -309 567.961 1031
-82 -309 531.961 1032
-82 -309 495.961 1033
-82 -309 459.961 1034
-82 -309 423.961 1035
-82 -309 387.961 1036
-82 -309 351.961 1037
-82 -309 315.961 1038
-82 -309 279.961 1039
-82 -309 243.961 1040
-82 -309 207.961 1041
-82 -309 171.961 1042
-82 -309 135.961 1043
-82 -309 99.9608 1044
-4 -316 711.961 1045
-4 -316 675.961 1046
-4 -316 639.961 1047
-4 -316 603.961 1048
-4 -316 567.961 1049
-4 -316 531.961 1050
-4 -316 495.961 1051
-4 -316 459.961 1052
-4 -316 423.961 1053
-4 -316 387.961 1054
-4 -316 351.961 1055
-4 -316 315.961 1056
-4 -316 279.961 1057
-4 -316 243.961 1058
-4 -316 207.961 1059
-4 -316 171.961 1060
-4 -316 135.961 1061
-4 -316 99.9608 1062
90 -307 711.961 1063
90 -307 675.961 1064
90 -307 639.961 1065
90 -307 603.961 1066
90 -307 567.961 1067
90 -307 531.961 1068
90 -307 495.961 1069
90 -307 459.961 1070
90 -307 423.961 1071
90 -307 387.961 1072
90 -307 351.961 1073
90 -307 315.961 1074
90 -307 279.961 1075
90 -307 243.961 1076
90 -307 207.961 1077
90 -307 171.961 1078
90 -307 135.961 1079
90 -307 99.9608 1080
183 -311 711.961 1081
183 -311 675.961 1082
183 -311 639.961 1083
183 -311 603.961 1084
183 -311 567.961 1085
183 -311 531.961 1086
183 -311 495.961 1087
183 -311 459.961 1088
183 -311 423.961 1089
183 -311 387.961 1090
183 -311 351.961 1091
183 -311 315.961 1092
183 -311 279.961 1093
183 -311 243.961 1094
183 -311 207.961 1095
183 -311 171.961 1096
183 -311 135.961 1097
183 -311 99.9608 1098
444 4 711.961 1099
444 4 675.961 1100
444 4 639.961 1101
444 4 603.961 1102
444 4 567.961 1103
444 4 531.961 1104
444 4 495.961 1105
444 4 459.961 1106
444 4 423.961 1107
444 4 387.961 1108
444 4 351.961 1109
444 4 315.961 1110
444 4 279.961 1111
444 4 243.961 1112
444 4 207.961 1113
444 4 171.961 1114
444 4 135.961 1115
444 4 99.9608 1116
410 75 711.961 1117
410 75 675.961 1118
410 75 639.961 1119
410 75 603.961 1120
410 75 567.961 1121
410 75 531.961 1122
410 75 495.961 1123
410 75 459.961 1124
410 75 423.961 1125
410 75 387.961 1126
410 75 351.961 1127
410 75 315.961 1128
410 75 279.961 1129
410 75 243.961 1130
410 75 207.961 1131
410 75 171.961 1132
410 75 135.961 1133
410 75 99.9608 1134
410 -86 711.961 1135
410 -86 675.961 1136
410 -86 639.961 1137
410 -86 603.961 1138
410 -86 567.961 1139
410 -86 531.961 1140
410 -86 495.961 1141
410 -86 459.961 1142
410 -86 423.961 1143
410 -86 387.961 1144
410 -86 351.961 1145
410 -86 315.961 1146
410 -86 279.961 1147
410 -86 243.961 1148
410 -86 207.961 1149
410 -86 171.961 1150
410 -86 135.961 1151
410 -86 99.9608 1152
351 157 711.961 1153
351 157 675.961 1154
351 157 639.961 1155
351 157 603.961 1156
351 157 567.961 1157
351 157 531.961 1158
351 157 495.961 1159
351 157 459.961 1160
351 157 423.961 1161
351 157 387.961 1162
351 157 351.961 1163
351 157 315.961 1164
351 157 279.961 1165
351 157 243.961 1166
351 157 207.961 1167
351 157 171.961 1168
351 157 135.961 1169
351 157 99.9608 1170
360 -150 711.961 1171
360 -150 675.961 1172
360 -150 639.961 1173
360 -150 603.961 1174
360 -150 567.961 1175
360 -150 531.961 1176
360 -150 495.961 1177
360 -150 459.961 1178
360 -150 423.961 1179
360 -150 387.961 1180
360 -150 351.961 1181
360 -150 315.961 1182
360 -150 279.961 1183
360 -150 243.961 1184
360 -150 207.961 1185
360 -150 171.961 1186
360 -150 135.961 1187
360 -150 99.9608 1188
319 231 711.961 1189
319 231 675.961 1190
319 231 639.961 1191
319 231 603.961 1192
319 231 567.961 1193
319 231 531.961 1194
319 231 495.961 1195
319 231 459.961 1196
319 231 423.961 1197
319 231 387.961 1198
319 231 351.961 1199
319 231 315.961 1200
319 231 279.961 1201
319 231 243.961 1202
319 231 207.961 1203
319 231 171.961 1204
319 231 135.961 1205
319 231 99.9608 1206
324 -237 711.961 1207
324 -237 675.961 1208
324 -237 639.961 1209
324 -237 603.961 1210
324 -237 567.961 1211
324 -237 531.961 1212
324 -237 495.961 1213
324 -237 459.961 1214
324 -237 423.961 1215
324 -237 387.961 1216
324 -237 351.961 1217
324 -237 315.961 1218
324 -237 279.961 1219
324 -237 243.961 1220
324 -237 207.961 1221
324 -237 171.961 1222
324 -237 135.961 1223
324 -237 99.9608 1224
271 306 711.961 1225
271 306 675.961 1226
271 306 639.961 1227
271 306 603.961 1228
271 306 567.961 1229
271 306 531.961 1230
271 306 495.961 1231
271 306 459.961 1232
271 306 423.961 1233
271 306 387.961 1234
271 306 351.961 1235
271 306 315.961 1236
271 306 279.961 1237
271 306 243.961 1238
271 306 207.961 1239
271 306 171.961 1240
271 306 135.961 1241
271 306 99.9608 1242
275 -305 711.961 1243
275 -305 675.961 1244
275 -305 639.961 1245
275 -305 603.961 1246
275 -305 567.961 1247
275 -305 531.961 1248
275 -305 495.961 1249
275 -305 459.961 1250
275 -305 423.961 1251
275 -305 387.961 1252
275 -305 351.961 1253
275 -305 315.961 1254
275 -305 279.961 1255
275 -305 243.961 1256
275 -305 207.961 1257
275 -305 171.961 1258
275 -305 135.961 1259
275 -305 99.9608 1260
225 395 711.961 1261
225 395 675.961 1262
225 395 639.961 1263
225 395 603.961 1264
225 395 567.961 1265
225 395 531.961 1266
225 395 495.961 1267
225 395 459.961 1268
225 395 423.961 1269
225 395 387.961 1270
225 395 351.961 1271
225 395 315.961 1272
225 395 279.961 1273
225 395 243.961 1274
225 395 207.961 1275
225 395 171.961 1276
225 395 135.961 1277
225 395 99.9608 1278
140 394 711.961 1279
140 394 675.961 1280
140 394 639.961 1281
140 394 603.961 1282
140 394 567.961 1283
140 394 531.961 1284
140 394 495.961 1285
140 394 459.961 1286
140 394 423.961 1287
140 394 387.961 1288
140 394 351.961 1289
140 394 315.961 1290
140 394 279.961 1291
140 394 243.961 1292
140 394 207.961 1293
140 394 171.961 1294
140 394 135.961 1295
140 394 99.9608 1296
49 390 711.961 1297
49 390 675.961 1298
49 390 639.961 1299
49 390 603.961 1300
49 390 567.961 1301
49 390 531.961 1302
49 390 495.961 1303
49 390 459.961 1304
49 390 423.961 1305
49 390 387.961 1306
49 390 351.961 1307
49 390 315.961 1308
49 390 279.961 1309
49 390 243.961 1310
49 390 207.961 1311
49 390 171.961 1312
49 390 135.961 1313
49 390 99.9608 1314
-45 397 711.961 1315
-45 397 675.961 1316
-45 397 639.961 1317
-45 397 603.961 1318
-45 397 567.961 1319
-45 397 531.961 1320
-45 397 495.961 1321
-45 397 459.961 1322
-45 397 423.961 1323
-45 397 387.961 1324
-45 397 351.961 1325
-45 397 315.961 1326
-45 397 279.961 1327
-45 397 243.961 1328
-45 397 207.961 1329
-45 397 171.961 1330
-45 397 135.961 1331
-45 397 99.9608 1332
-130 396 711.961 1333
-130 396 675.961 1334
-130 396 639.961 1335
-130 396 603.961 1336
-130 396 567.961 1337
-130 396 531.961 1338
-130 396 495.961 1339
-130 396 459.961 1340
-130 396 423.961 1341
-130 396 387.961 1342
-130 396 351.961 1343
-130 396 315.961 1344
-130 396 279.961 1345
-130 396 243.961 1346
-130 396 207.961 1347
-130 396 171.961 1348
-130 396 135.961 1349
-130 396 99.9608 1350
-228 392 711.961 1351
-228 392 675.961 1352
-228 392 639.961 1353
-228 392 603.961 1354
-228 392 567.961 1355
-228 392 531.961 1356
-228 392 495.961 1357
-228 392 459.961 1358
-228 392 423.961 1359
-228 392 387.961 1360
-228 392 351.961 1361
-228 392 315.961 1362
-228 392 279.961 1363
-228 392 243.961 1364
-228 392 207.961 1365
-228 392 171.961 1366
-228 392 135.961 1367
-228 392 99.9608 1368
-260 312 711.961 1369
-260 312 675.961 1370
-260 312 639.961 1371
-260 312 603.961 1372
-260 312 567.961 1373
-260 312 531.961 1374
-260 312 495.961 1375
-260 312 459.961 1376
-260 312 423.961 1377
-260 312 387.961 1378
-260 312 351.961 1379
-260 312 315.961 1380
-260 312 279.961 1381
-260 312 243.961 1382
-260 312 207.961 1383
-260 312 171.961 1384
-260 312 135.961 1385
-260 312 99.9608 1386
-313 240 711.961 1387
-313 240 675.961 1388
-313 240 639.961 1389
-313 240 603.961 1390
-313 240 567.961 1391
-313 240 531.961 1392
-313 240 495.961 1393
-313 240 459.961 1394
-313 240 423.961 1395
-313 240 387.961 1396
-313 240 351.961 1397
-313 240 315.961 1398
-313 240 279.961 1399
-313 240 243.961 1400
-313 240 207.961 1401
-313 240 171.961 1402
-313 240 135.961 1403
-313 240 99.9608 1404
-351 152 711.961 1405
-351 152 675.961 1406
-351 152 639.961 1407
-351 152 603.961 1408
-351 152 567.961 1409
-351 152 531.961 1410
-351 152 495.961 1411
-351 152 459.961 1412
-351 152 423.961 1413
-351 152 387.961 1414
-351 152 351.961 1415
-351 152 315.961 1416
-351 152 279.961 1417
-351 152 243.961 1418
-351 152 207.961 1419
-351 152 171.961 1420
-351 152 135.961 1421
-351 152 99.9608 1422
-399 76 711.961 1423
-399 76 675.961 1424
-399 76 639.961 1425
-399 76 603.961 1426
-399 76 567.961 1427
-399 76 531.961 1428
-399 76 495.961 1429
-399 76 459.961 1430
-399 76 423.961 1431
-399 76 387.961 1432
-399 76 351.961 1433
-399 76 315.961 1434
-399 76 279.961 1435
-399 76 243.961 1436
-399 76 207.961 1437
-399 76 171.961 1438
-399 76 135.961 1439
-399 76 99.9608 1440
-451 -5 711.961 1441
-451 -5 675.961 1442
-451 -5 639.961 1443
-451 -5 603.961 1444
-451 -5 567.961 1445
-451 -5 531.961 1446
-451 -5 495.961 1447
-451 -5 459.961 1448
-451 -5 423.961 1449
-451 -5 387.961 1450
-451 -5 351.961 1451
-451 -5 315.961 1452
-451 -5 279.961 1453
-451 -5 243.961 1454
-451 -5 207.961 1455
-451 -5 171.961 1456
-451 -5 135.961 1457
-451 -5 99.9608 1458
-400 -73 711.961 1459
-400 -73 675.961 1460
-400 -73 639.961 1461
-400 -73 603.961 1462
-400 -73 567.961 1463
-400 -73 531.961 1464
-400 -73 495.961 1465
-400 -73 459.961 1466
-400 -73 423.961 1467
-400 -73 387.961 1468
-400 -73 351.961 1469
-400 -73 315.961 1470
-400 -73 279.961 1471
-400 -73 243.961 1472
-400 -73 207.961 1473
-400 -73 171.961 1474
-400 -73 135.961 1475
-400 -73 99.9608 1476
-363 -157 711.961 1477
-363 -157 675.961 1478
-363 -157 639.961 1479
-363 -157 603.961 1480
-363 -157 567.961 1481
-363 -157 531.961 1482
-363 -157 495.961 1483
-363 -157 459.961 1484
-363 -157 423.961 1485
-363 -157 387.961 1486
-363 -157 351.961 1487
-363 -157 315.961 1488
-363 -157 279.961 1489
-363 -157 243.961 1490
-363 -157 207.961 1491
-363 -157 171.961 1492
-363 -157 135.961 1493
-363 -157 99.9608 1494
-315 -236 711.961 1495
-315 -236 675.961 1496
-315 -236 639.961 1497
-315 -236 603.961 1498
-315 -236 567.961 1499
-315 -236 531.961 1500
-315 -236 495.961 1501
-315 -236 459.961 1502
-315 -236 423.961 1503
-315 -236 387.961 1504
-315 -236 351.961 1505
-315 -236 315.961 1506
-315 -236 279.961 1507
-315 -236 243.961 1508
-315 -236 207.961 1509
-315 -236 171.961 1510
-315 -236 135.961 1511
-315 -236 99.9608 1512
-262 -317 711.961 1513
-262 -317 675.961 1514
-262 -317 639.961 1515
-262 -317 603.961 1516
-262 -317 567.961 1517
-262 -317 531.961 1518
-262 -317 495.961 1519
-262 -317 459.961 1520
-262 -317 423.961 1521
-262 -317 387.961 1522
-262 -317 351.961 1523
-262 -317 315.961 1524
-262 -317 279.961 1525
-262 -317 243.961 1526
-262 -317 207.961 1527
-262 -317 171.961 1528
-262 -317 135.961 1529
-262 -317 99.9608 1530
-219 -389 711.961 1531
-219 -389 675.961 1532
-219 -389 639.961 1533
-219 -389 603.961 1534
-219 -389 567.961 1535
-219 -389 531.961 1536
-219 -389 495.961 1537
-219 -389 459.961 1538
-219 -389 423.961 1539
-219 -389 387.961 1540
-219 -389 351.961 1541
-219 -389 315.961 1542
-219 -389 279.961 1543
-219 -389 243.961 1544
-219 -389 207.961 1545
-219 -389 171.961 1546
-219 -389 135.961 1547
-219 -389 99.9608 1548
-131 -388 711.961 1549
-131 -388 675.961 1550
-131 -388 639.961 1551
-131 -388 603.961 1552
-131 -388 567.961 1553
-131 -388 531.961 1554
-131 -388 495.961 1555
-131 -388 459.961 1556
-131 -388 423.961 1557
-131 -388 387.961 1558
-131 -388 351.961 1559
-131 -388 315.961 1560
-131 -388 279.961 1561
-131 -388 243.961 1562
-131 -388 207.961 1563
-131 -388 171.961 1564
-131 -388 135.961 1565
-131 -388 99.9608 1566
-45 -381 711.961 1567
-45 -381 675.961 1568
-45 -381 639.961 1569
-45 -381 603.961 1570
-45 -381 567.961 1571
-45 -381 531.961 1572
-45 -381 495.961 1573
-45 -381 459.961 1574
-45 -381 423.961 1575
-45 -381 387.961 1576
-45 -381 351.961 1577
-45 -381 315.961 1578
-45 -381 279.961 1579
-45 -381 243.961 1580
-45 -381 207.961 1581
-45 -381 171.961 1582
-45 -381 135.961 1583
-45 -381 99.9608 1584
45 -383 711.961 1585
45 -383 675.961 1586
45 -383 639.961 1587
45 -383 603.961 1588
45 -383 567.961 1589
45 -383 531.961 1590
45 -383 495.961 1591
45 -383 459.961 1592
45 -383 423.961 1593
45 -383 387.961 1594
45 -383 351.961 1595
45 -383 315.961 1596
45 -383 279.961 1597
45 -383 243.961 1598
45 -383 207.961 1599
45 -383 171.961 1600
45 -383 135.961 1601
45 -383 99.9608 1602
126 -388 711.961 1603
126 -388 675.961 1604
126 -388 639.961 1605
126 -388 603.961 1606
126 -388 567.961 1607
126 -388 531.961 1608
126 -388 495.961 1609
126 -388 459.961 1610
126 -388 423.961 1611
126 -388 387.961 1612
126 -388 351.961 1613
126 -388 315.961 1614
126 -388 279.961 1615
126 -388 243.961 1616
126 -388 207.961 1617
126 -388 171.961 1618
126 -388 135.961 1619
126 -388 99.9608 1620
234 -389 711.961 1621
234 -389 675.961 1622
234 -389 639.961 1623
234 -389 603.961 1624
234 -389 567.961 1625
234 -389 531.961 1626
234 -389 495.961 1627
234 -389 459.961 1628
234 -389 423.961 1629
234 -389 387.961 1630
234 -389 351.961 1631
234 -389 315.961 1632
234 -389 279.961 1633
234 -389 243.961 1634
234 -389 207.961 1635
234 -389 171.961 1636
234 -389 135.961 1637
234 -389 99.9608 1638
494 77 711.961 1639
494 77 675.961 1640
494 77 639.961 1641
494 77 603.961 1642
494 77 567.961 1643
494 77 531.961 1644
494 77 495.961 1645
494 77 459.961 1646
494 77 423.961 1647
494 77 387.961 1648
494 77 351.961 1649
494 77 315.961 1650
494 77 279.961 1651
494 77 243.961 1652
494 77 207.961 1653
494 77 171.961 1654
494 77 135.961 1655
494 77 99.9608 1656
494 -87 711.961 1657
494 -87 675.961 1658
494 -87 639.961 1659
494 -87 603.961 1660
494 -87 567.961 1661
494 -87 531.961 1662
494 -87 495.961 1663
494 -87 459.961 1664
494 -87 423.961 1665
494 -87 387.961 1666
494 -87 351.961 1667
494 -87 315.961 1668
494 -87 279.961 1669
494 -87 243.961 1670
494 -87 207.961 1671
494 -87 171.961 1672
494 -87 135.961 1673
494 -87 99.9608 1674
444 161 711.961 1675
444 161 675.961 1676
444 161 639.961 1677
444 161 603.961 1678
444 161 567.961 1679
444 161 531.961 1680
444 161 495.961 1681
444 161 459.961 1682
444 161 423.961 1683
444 161 387.961 1684
444 161 351.961 1685
444 161 315.961 1686
444 161 279.961 1687
444 161 243.961 1688
444 161 207.961 1689
444 161 171.961 1690
444 161 135.961 1691
444 161 99.9608 1692
447 -165 711.961 1693
447 -165 675.961 1694
447 -165 639.961 1695
447 -165 603.961 1696
447 -165 567.961 1697
447 -165 531.961 1698
447 -165 495.961 1699
447 -165 459.961 1700
447 -165 423.961 1701
447 -165 387.961 1702
447 -165 351.961 1703
447 -165 315.961 1704
447 -165 279.961 1705
447 -165 243.961 1706
447 -165 207.961 1707
447 -165 171.961 1708
447 -165 135.961 1709
447 -165 99.9608 1710
408 243 711.961 1711
408 243 675.961 1712
408 243 639.961 1713
408 243 603.961 1714
408 243 567.961 1715
408 243 531.961 1716
408 243 495.961 1717
408 243 459.961 1718
408 243 423.961 1719
408 243 387.961 1720
408 243 351.961 1721
408 243 315.961 1722
408 243 279.961 1723
408 243 243.961 1724
408 243 207.961 1725
408 243 171.961 1726
408 243 135.961 1727
408 243 99.9608 1728
409 -238 711.961 1729
409 -238 675.961 1730
409 -238 639.961 1731
409 -238 603.961 1732
409 -238 567.961 1733
409 -238 531.961 1734
409 -238 495.961 1735
409 -238 459.961 1736
409 -238 423.961 1737
409 -238 387.961 1738
409 -238 351.961 1739
409 -238 315.961 1740
409 -238 279.961 1741
409 -238 243.961 1742
409 -238 207.961 1743
409 -238 171.961 1744
409 -238 135.961 1745
409 -238 99.9608 1746
352 311 711.961 1747
352 311 675.961 1748
352 311 639.961 1749
352 311 603.961 1750
352 311 567.961 1751
352 311 531.961 1752
352 311 495.961 1753
352 311 459.961 1754
352 311 423.961 1755
352 311 387.961 1756
352 311 351.961 1757
352 311 315.961 1758
352 311 279.961 1759
352 311 243.961 1760
352 311 207.961 1761
352 311 171.961 1762
352 311 135.961 1763
352 311 99.9608 1764
353 -311 711.961 1765
353 -311 675.961 1766
353 -311 639.961 1767
353 -311 603.961 1768
353 -311 567.961 1769
353 -311 531.961 1770
353 -311 495.961 1771
353 -311 459.961 1772
353 -311 423.961 1773
353 -311 387.961 1774
353 -311 351.961 1775
353 -311 315.961 1776
353 -311 279.961 1777
353 -311 243.961 1778
353 -311 207.961 1779
353 -311 171.961 1780
353 -311 135.961 1781
353 -311 99.9608 1782
313 387 711.961 1783
313 387 675.961 1784
313 387 639.961 1785
313 387 603.961 1786
313 387 567.961 1787
313 387 531.961 1788
313 387 495.961 1789
313 387 459.961 1790
313 387 423.961 1791
313 387 387.961 1792
313 387 351.961 1793
313 387 315.961 1794
313 387 279.961 1795
313 387 243.961 1796
313 387 207.961 1797
313 387 171.961 1798
313 387 135.961 1799
313 387 99.9608 1800
179 467 711.961 1801
179 467 675.961 1802
179 467 639.961 1803
179 467 603.961 1804
179 467 567.961 1805
179 467 531.961 1806
179 467 495.961 1807
179 467 459.961 1808
179 467 423.961 1809
179 467 387.961 1810
179 467 351.961 1811
179 467 315.961 1812
179 467 279.961 1813
179 467 243.961 1814
179 467 207.961 1815
179 467 171.961 1816
179 467 135.961 1817
179 467 99.9608 1818
90 461 711.961 1819
90 461 675.961 1820
90 461 639.961 1821
90 461 603.961 1822
90 461 567.961 1823
90 461 531.961 1824
90 461 495.961 1825
90 461 459.961 1826
90 461 423.961 1827
90 461 387.961 1828
90 461 351.961 1829
90 461 315.961 1830
90 461 279.961 1831
90 461 243.961 1832
90 461 207.961 1833
90 461 171.961 1834
90 461 135.961 1835
90 461 99.9608 1836
6 472 711.961 1837
6 472 675.961 1838
6 472 639.961 1839
6 472 603.961 1840
6 472 567.961 1841
6 472 531.961 1842
6 472 495.961 1843
6 472 459.961 1844
6 472 423.961 1845
6 472 387.961 1846
6 472 351.961 1847
6 472 315.961 1848
6 472 279.961 1849
6 472 243.961 1850
6 472 207.961 1851
6 472 171.961 1852
6 472 135.961 1853
6 472 99.9608 1854
-91 474 711.961 1855
-91 474 675.961 1856
-91 474 639.961 1857
-91 474 603.961 1858
-91 474 567.961 1859
-91 474 531.961 1860
-91 474 495.961 1861
-91 474 459.961 1862
-91 474 423.961 1863
-91 474 387.961 1864
-91 474 351.961 1865
-91 474 315.961 1866
-91 474 279.961 1867
-91 474 243.961 1868
-91 474 207.961 1869
-91 474 171.961 1870
-91 474 135.961 1871
-91 474 99.9608 1872
-177 461 711.961 1873
-177 461 675.961 1874
-177 461 639.961 1875
-177 461 603.961 1876
-177 461 567.961 1877
-177 461 531.961 1878
-177 461 495.961 1879
-177 461 459.961 1880
-177 461 423.961 1881
-177 461 387.961 1882
-177 461 351.961 1883
-177 461 315.961 1884
-177 461 279.961 1885
-177 461 243.961 1886
-177 461 207.961 1887
-177 461 171.961 1888
-177 461 135.961 1889
-177 461 99.9608 1890
-359 302 711.961 1891
-359 302 675.961 1892
-359 302 639.961 1893
-359 302 603.961 1894
-359 302 567.961 1895
-359 302 531.961 1896
-359 302 495.961 1897
-359 302 459.961 1898
-359 302 423.961 1899
-359 302 387.961 1900
-359 302 351.961 1901
-359 302 315.961 1902
-359 302 279.961 1903
-359 302 243.961 1904
-359 302 207.961 1905
-359 302 171.961 1906
-359 302 135.961 1907
-359 302 99.9608 1908
-408 227 711.961 1909
-408 227 675.961 1910
-408 227 639.961 1911
-408 227 603.961 1912
-408 227 567.961 1913
-408 227 531.961 1914
-408 227 495.961 1915
-408 227 459.961 1916
-408 227 423.961 1917
-408 227 387.961 1918
-408 227 351.961 1919
-408 227 315.961 1920
-408 227 279.961 1921
-408 227 243.961 1922
-408 227 207.961 1923
-408 227 171.961 1924
-408 227 135.961 1925
-408 227 99.9608 1926
-449 148 711.961 1927
-449 148 675.961 1928
-449 148 639.961 1929
-449 148 603.961 1930
-449 148 567.961 1931
-449 148 531.961 1932
-449 148 495.961 1933
-449 148 459.961 1934
-449 148 423.961 1935
-449 148 387.961 1936
-449 148 351.961 1937
-449 148 315.961 1938
-449 148 279.961 1939
-449 148 243.961 1940
-449 148 207.961 1941
-449 148 171.961 1942
-449 148 135.961 1943
-449 148 99.9608 1944
-448 -157 711.961 1945
-448 -157 675.961 1946
-448 -157 639.961 1947
-448 -157 603.961 1948
-448 -157 567.961 1949
-448 -157 531.961 1950
-448 -157 495.961 1951
-448 -157 459.961 1952
-448 -157 423.961 1953
-448 -157 387.961 1954
-448 -157 351.961 1955
-448 -157 315.961 1956
-448 -157 279.961 1957
-448 -157 243.961 1958
-448 -157 207.961 1959
-448 -157 171.961 1960
-448 -157 135.961 1961
-448 -157 99.9608 1962
-410 -236 711.961 1963
-410 -236 675.961 1964
-410 -236 639.961 1965
-410 -236 603.961 1966
-410 -236 567.961 1967
-410 -236 531.961 1968
-410 -236 495.961 1969
-410 -236 459.961 1970
-410 -236 423.961 1971
-410 -236 387.961 1972
-410 -236 351.961 1973
-410 -236 315.961 1974
-410 -236 279.961 1975
-410 -236 243.961 1976
-410 -236 207.961 1977
-410 -236 171.961 1978
-410 -236 135.961 1979
-410 -236 99.9608 1980
-354 -319 711.961 1981
-354 -319 675.961 1982
-354 -319 639.961 1983
-354 -319 603.961 1984
-354 -319 567.961 1985
-354 -319 531.961 1986
-354 -319 495.961 1987
-354 -319 459.961 1988
-354 -319 423.961 1989
-354 -319 387.961 1990
-354 -319 351.961 1991
-354 -319 315.961 1992
-354 -319 279.961 1993
-354 -319 243.961 1994
-354 -319 207.961 1995
-354 -319 171.961 1996
-354 -319 135.961 1997
-354 -319 99.9608 1998
-85 -466 711.961 1999
-85 -466 675.961 2000
-85 -466 639.961 2001
-85 -466 603.961 2002
-85 -466 567.961 2003
-85 -466 531.961 2004
-85 -466 495.961 2005
-85 -466 459.961 2006
-85 -466 423.961 2007
-85 -466 387.961 2008
-85 -466 351.961 2009
-85 -466 315.961 2010
-85 -466 279.961 2011
-85 -466 243.961 2012
-85 -466 207.961 2013
-85 -466 171.961 2014
-85 -466 135.961 2015
-85 -466 99.9608 2016
9 -467 711.961 2017
9 -467 675.961 2018
9 -467 639.961 2019
9 -467 603.961 2020
9 -467 567.961 2021
9 -467 531.961 2022
9 -467 495.961 2023
9 -467 459.961 2024
9 -467 423.961 2025
9 -467 387.961 2026
9 -467 351.961 2027
9 -467 315.961 2028
9 -467 279.961 2029
9 -467 243.961 2030
9 -467 207.961 2031
9 -467 171.961 2032
9 -467 135.961 2033
9 -467 99.9608 2034
85 -462 711.961 2035
85 -462 675.961 2036
85 -462 639.961 2037
85 -462 603.961 2038
85 -462 567.961 2039
85 -462 531.961 2040
85 -462 495.961 2041
85 -462 459.961 2042
85 -462 423.961 2043
85 -462 387.961 2044
85 -462 351.961 2045
85 -462 315.961 2046
85 -462 279.961 2047
85 -462 243.961 2048
85 -462 207.961 2049
85 -462 171.961 2050
85 -462 135.961 2051
85 -462 99.9608 2052
176 -470 711.961 2053
176 -470 675.961 2054
176 -470 639.961 2055
176 -470 603.961 2056
176 -470 567.961 2057
176 -470 531.961 2058
176 -470 495.961 2059
176 -470 459.961 2060
176 -470 423.961 2061
176 -470 387.961 2062
176 -470 351.961 2063
176 -470 315.961 2064
176 -470 279.961 2065
176 -470 243.961 2066
176 -470 207.961 2067
176 -470 171.961 2068
176 -470 135.961 2069
176 -470 99.9608 2070
