0.2630778419419555
0.2666992583026476
0.2966884400100671
0.35776056783523
0.37543535158147673
0.38055500761761896
0.3883663463037595
0.39051544949963624
0.4002152143411585
0.4086540073356903
0.41627438345428047
0.4189751583973027
0.4234946445653453
0.42838696150837197
0.43251845131482786
0.43467968154840153
0.43641351165399533
0.4370652171490813
0.4395538101831501
0.4412270202061445
0.4428759822331596
0.4443127561106471
0.44401267161821645
0.44527666942693245
0.44557069594608245
0.4461587417128254
0.4473287773114528
0.44855640208652187
0.4488292084685434
0.4494172553518515
0.4495960955291854
0.44962640805140724
0.44969006082242724
0.4500689575439232
0.4500295542609183
0.4502326418566509
0.44995680462172477
0.45068732001139433
0.45093284422241153
0.45083584698531587
0.45045695008542314
0.45072066376479175
0.4504811992744936
0.4508388773581745
0.4508843459177477
0.45101165434849255
0.45168760710417993
0.451881602298505
0.4518664461528266
0.45224231179934654
0.4519604126399359
0.45219078290721937
0.4523029360594134
0.4524029635579608
0.45249996163441686
0.4524120563933978
0.45263030193498016
0.4525878653250854
0.45243327573225817
0.4529273578583483
0.4531789446573388
0.45293948259467304
0.45310316600916944
0.45310922800031495
0.45350025056647386
0.45391551986900475
0.4536184640918886
0.4535154043299088
0.4532668500767187
0.45335172305658133
0.45359118477451477
0.453876115459478
0.4537518397905349
0.4537548690466569
0.4539973644100102
0.45436413431631045
0.4542489511433278
0.4544429467185747
0.4545823833215275
0.4547612180977226
0.4547460629487941
0.4550885866579723
0.45523408309472235
0.45477940434689085
0.45471272047204514
0.45515224052389025
0.45496734011713796
0.4546066291691739
0.4548157824420228
0.4550491821467059
0.45509161718045577
0.45506130749820384
0.45524014470601454
0.45546141964877745
0.4553553301443598
0.4556493536647883
0.4552704578831383
0.45539170483453606
0.4553037996389807
0.45596762588455503
0.45573119497667436
0.455691790097664
0.4557948485484679
0.45595247184929744
0.45611918472144286
0.45618587140771233
0.4561737485398439
0.45591609726960997
0.45576757098290316
0.45586759775543856
0.4558372832550381
0.4559191284075051
0.4562010259361181
0.4559767212504008
0.4559827825245418
0.4564435202499024
0.4565950792689219
0.45646473944809185
0.456570829335972
0.4564980851744856
0.4570315707496656
0.45663145528691984
0.4567617958393648
0.4568224210003336
0.45677088887578693
0.4567405783113045
0.4569072918834691
0.45686485628964346
0.4567587642072114
0.4568860730285483
0.4571952537193556
0.456934573200751
0.4568709186082988
0.4572073784729797
0.457101287299071
0.4571740359204254
0.4575862758498455
0.45730437823445486
0.4573286251350543
0.4572073796697732
0.45731043933785503
0.4571679745579491
0.4571922212439114
0.4573255948125425
0.4574044034838104
0.45729528114453316
0.4572680040062418
0.45748321554686483
0.4575195882148624
0.45745896448970647
0.45758930605672155
0.45760749205335954
0.4577166139922885
0.4577620829173727
0.4577923932344642
0.45798638830114086
0.4578893919091067
0.45788636112929887
0.4579015160246688
0.4577620813009541
0.45773480331602245
0.4577257066589827
0.45766508631662695
0.45785908084601923
0.4578681734111263
0.4579287969985063
0.45798942101094364
0.45794698348129775
0.45799548257785894
0.45808035503257255
0.45804095212783513
0.4580894499732516
0.45801973549496294
0.4579833588510546
0.4580106379260617
0.45803791914436204
0.45798335851082
0.4579712344190989
0.457992451468443
0.45803791986294035
0.45804094999582406
0.45793183034081614
0.4580348888590348
0.45793788951178943
0.4580045771069626
0.4578742374074136
0.45787726766828096
0.4579257671761606
0.4579045499044402
0.45802276286348026
0.4578590784987352
0.45799851262136143
0.4579924520901676
0.45792576562558285
0.4578681723840221
0.45801973364916904
0.4580894506129446
0.45806823126807195
0.4580106372258647
0.4579166735716862
0.45811369837220955
0.45791970383600394
0.45797426506777406
0.45805307557594
0.45792576600528934
0.45784695513730217
0.45784998534761234
0.4578560491531381
0.4580045774504161
0.45811066779824516
0.4581591674232759
0.45811976224916434
0.4582804127261073
0.4582682885116865
0.45811369808473973
0.4582137250120229
0.4581652282653042
0.4581106672231177
0.4582804128586169
0.4583410359922826
0.4581682610865464
0.4581106691961211
0.458116730385704
0.45826525887390024
0.4582106982976249
0.4583440664221299
0.45835619418099594
0.45830163184333583
0.45826222743854467
0.45825616451091333
0.4582167579820042
0.4583076944471138
0.4583622546014858
0.4583622556351245
0.4583834737063291
0.45840772326330237
0.4584016607094683
0.45826525734662354
0.45835316104889107
0.45824403609633446
0.4583592247021201
0.458295566687458
0.4583076931496393
0.4583076952212784
0.4583380056269444
0.45836528645092917
0.45831375723987194
0.4583258814603156
0.45825313292852243
0.4582743518787859
0.4582804141192371
0.45827435104667913
0.45858959323973736
0.45851078239494536
0.45835316152184136
0.45850169037310035
0.45854715729381057
0.4584259085196518
0.4584440974693443
0.45838650615356796
0.4584440971451422
0.45842591089770096
0.4583592238858645
0.4583501307332328
0.4584744078990651
0.45847440977294296
0.45854412481955414
0.45846834645501183
0.4585532197363386
0.45848653233075826
0.4586593085270264
0.4586077798228463
0.4586047489198843
0.45852290642040283
0.45854715805487084
0.4585835310981823
0.4586138427163758
0.4585926233527203
0.4585107845476455
0.4585956562818231
0.4585289688164346
0.4584107545708042
0.4586896232736873
0.45846531621185527
0.45858656101654605
0.4586684048934169
0.45862596900243635
0.4585835305520556
0.4585683758149283
0.4585016889343424
0.4585683726163086
0.4586380924640485
0.458559280530963
0.45853199993745664
0.4586653745413285
0.45858656038414275
0.45867446649365773
0.4585926226053347
0.45864112352105335
0.4586229372568194
0.4586047476446537
0.45856534298668156
0.45862596696163505
0.45863506373371354
0.458595655330978
0.45861990698010163
0.4586653736445298
0.4587290267322286
0.4586168731280895
0.4585623127830936
0.4585714070329967
0.4585865615025527
0.45865931023098994
0.45850774880877465
0.4585259371216324
0.4585744373555664
0.4585986857553233
0.45854109404636695
0.4586593068672013
0.458522907397403
0.45855018700938116
0.4584713758161523
0.45862596637809366
0.4586502172018307
0.45864415401676834
0.45863202942849807
0.458519875730696
0.4585592810941541
0.45862899736213514
0.45855624997314903
0.45861990559236027
0.458619904212788
0.4586350591477498
0.45874418261392025
0.4587078091483194
0.45875327525709386
0.4587623688587996
0.4586562787029622
0.45883208829853317
0.4587108409117791
0.45868053036940215
0.4586441563837012
0.45862293465187853
0.4586168736029792
0.45866840442199175
0.4586168737061451
0.458647186112722
0.4587775267448201
0.4586744664060649
0.45877146264487073
0.4587835880237835
0.4587229649947835
0.45880177455748783
0.45883511703991453
0.45873205738792666
0.4588684615072274
0.45888058673384907
0.45891696054080033
0.45896546087384
0.4589654612860661
0.4588138992417374
0.4588502727694506
0.45879874247863595
0.45894727313580197
0.45890180650016277
0.458892709866597
0.4587593371341936
0.45870780708980724
0.4587744937351785
0.45886543031838767
0.45886542975219646
0.4590321453499965
0.4586805280744516
0.45852593865651003
0.45874115148355193
0.4587593367801277
0.45875934045966493
0.458722963562613
0.45878358915136824
0.4589078648922139
0.45871690356248657
0.45871084130039
0.45858050089717745
0.4605719817557923
0.4613661499259487
0.46060532530327425
0.4587169017015663
0.4589775839440521
0.4594443859385863
0.46076597909240063
0.4667404255559999
0.4648004719984364
0.4662311862672103
0.4694957660548287
0.46995044047010753
0.4731695486948764
0.4703141805797712
0.46943816819077666
0.4728239929607197
0.47326957651967383
0.47027780574849287
0.46990194288911746
0.4694321089287771
0.46938967268787346
0.46861066059677814
0.46977463298295163
0.45750746481589544
0.46251799968683716
0.4649550632328924
0.4654491449741671
0.473284732338066
0.47211773128644213
0.4747184788750877
0.4716630543499653
0.47429714673456147
0.47115078527660104
0.47106288086656234
0.47366059734409327
0.4754459623747254
0.47538836955995034
0.47203588900398746
0.4759127643372856
0.47239962956758424
0.4698564721671161
0.47060820522768
0.46822570222682236
0.47287552394079585
0.46728603715783273
0.4724511597827566
0.4744850785316756
0.47222988515343584
0.47543686798917356
0.47505494202369664
0.4724481288235448
0.4782467676009242
0.471747925525156
0.4788954389336845
0.481623498165821
0.48018672170800497
0.4830329926553102
0.47879237812592845
0.48178415138758324
0.4781194595677936
0.48212061118434973
0.4752065011542417
0.47900759407078936
0.47404252821796805
0.47836498168653135
0.47366969399707637
0.4760794797360442
0.4788045042259595
0.47946227027019717
0.4816568413088613
0.47737075894422387
0.47613706974051623
0.48081417480468325
0.4770949227428342
0.4740698076058083
0.4755732722578259
0.47700398568040203
0.4796592956654036
0.47611888301541444
0.47667965145230556
0.4786286969911419
0.48446977099787697
0.4820327056137438
0.48455464493472183
0.47828011270191284
0.48620057608985895
0.4788196602718786
0.4780800546702431
0.47535502682657704
0.4745457017726104
0.4744577985614077
0.47682514762043565
0.4807292996165059
0.48049893224867446
0.4808353907611288
0.4814598150516032
0.4786711315229492
0.48102332349781995
0.4837059131282028
0.4830602756187073
0.4845849535127465
0.48364832179497047
0.4824146350397063
0.4842575896629443
0.4835725416924905
0.4802837165789829
0.4802049090092942
0.4868007450695231
0.4886346100442183
0.48649156476519323
0.48868310552281835
0.4862187601562656
0.48588533162526065
0.4819144907860371
0.48258438105816126
0.48362407504479754
0.48026249986960307
0.4882011487004602
0.491677907208969
0.49036540893895086
0.4856883037166788
0.48829814643271047
0.47512768969515445
0.47466694878634214
0.4745214535559301
0.48360891806206935
0.4809778567559695
0.48219942229021584
0.48851639167209115
0.4892378106068366
0.4881587120345592
0.4858065198679501
0.4859732348772558
0.48962883246744043
0.49322077552621896
0.49215683356544776
0.48639153596353957
0.49210227198024337
0.48800715388801535
0.49280550404486806
0.49077158511349556
0.48813143241815454
0.4905897166503783
0.49098073788504915
0.47824677062432724
0.48095360818426425
0.48408178069481034
0.48939846267744763
0.48653703438534435
0.48885588173800487
0.4850123520783117
0.4911232033274058
0.4911444211615995
0.4950788865814061
0.493248057070521
0.487670693963395
0.4916081918323672
0.49323593104321045
0.49132932029343035
0.49275094250602447
0.49263878906834874
0.4910413598707021
0.49444537335125055
0.48941968504071665
0.49277519411175713
0.49234173362591505
0.4938603523356197
0.49164456414595653
0.4938694457661612
0.4936057349058427
0.49103226442584685
0.49397553755125273
0.4918567459086785
0.49235689259989446
0.4942362163684494
0.49132325988843245
0.49236901351730267
0.49116867007001275
0.490326004858637
0.4946484588193343
0.4929297825981093
0.4950425104054979
0.4947545505850657
0.49428471915777705
0.492220486982996
0.4930540612355974
0.4944393082467612
0.4938118556184825
0.4929752512301292
0.4910959198529168
0.49508797921461034
0.4966945043655829
0.49847683435964646
0.4949637000953176
0.4975735428877707
0.4960367389710592
0.4987284236853497
0.49681271878272054
0.4978190705882559
0.4950031082975734
0.49647928968264354
0.4975614179936359
0.4975098912605494
0.5010957676612543
0.49809187506399155
0.5027083558513739
0.4998984560237679
0.49780088066924044
0.49883148227146645
0.5033267140354923
0.497779666551134
0.5002470389161726
0.4995741196890766
0.4994437806835832
0.4970127735103964
0.5019323741305386
0.499213410154232
0.5003167562719277
0.502093027412157
0.5032054681594758
0.4971794916102488
0.5019869373871537
0.5015049799187924
0.5016747246918122
0.5007199057658496
0.5026750136190637
0.5023264278331325
0.5006623118810607
0.5032812483537554
0.5009290561643789
0.5034176499784347
0.5003046346445119
0.5023567382543715
0.5042906299934699
0.5042300072753494
0.5063669854284489
0.5055758481157887
0.5084221234959133
0.5068550026635555
0.5050362984041297
0.5075157998305825
0.5089737953413445
0.5043421604789701
0.5020475574010468
0.5075491423006232
0.5026416698000653
0.5070459671322737
0.5057395334095182
0.5061638939972894
0.5074339612725105
0.5093102547325344
0.5089616684010355
0.5072460241283251
0.5042694118854336
0.5043845942673341
0.5056819392494216
0.5084494011569823
0.5077946660660183
0.5082887490887271
0.5062427062637087
0.5032145615761223
0.5089737962404312
0.508946516487334
0.5048544269284497
0.5090344178150098
0.5091496023854739
0.508676739945959
0.510349948455189
0.5088131432437131
0.5087858616406319
0.5111774605664599
0.5099892401979081
0.5104136023570472
0.5061699612677047
0.5092284123964216
0.5067276938620348
0.5063639521072495
0.5138661113310518
0.5087161435891451
0.5049696127616145
0.5130719448112887
0.5104499791572935
0.5111623035603501
0.5128052026966516
0.5109107175821066
0.5141661980648277
0.5133599064172981
0.5094224083316634
0.5087767683456256
0.5070277808058758
0.5094042221076925
0.512368712809123
0.5122474669754599
0.5156726948146345
0.5134053775595909
0.5133447510438718
0.5134841813968528
0.5158970011621636
0.5132871586092733
0.5155969138275287
0.5097285593186692
0.5154756658729214
0.5144784118963062
0.5158272851391028
0.5123535555208598
0.5143632267458196
0.5173307462966529
0.5174428994348674
0.5172731541847575
0.5128203567989534
0.51525438996742
0.5153847322745897
0.5169639748514698
0.5168730416627106
0.5126687974437031
0.5129901041904574
0.518115819951062
0.5159212490238472
0.5124960191480853
0.5136812100287246
0.5174125876644958
0.5191767311320417
0.5175459616186183
0.5197556876315391
0.5195586593651107
0.5183189096180371
0.516688138325236
0.5191282321180082
0.5177338922661241
0.5202952376396445
0.5232294125442607
0.5173064986295759
0.5205589499991297
0.520067898752896
0.52129249272448
0.5205074188813701
0.5209772489553933
0.5209317837828413
0.5194283197296079
0.5208802547062537
0.5215834872271516
0.5214531435933912
0.5229869209434106
0.5188008690826957
0.5226049939837075
0.5202861419543033
0.5194889405350935
0.5225564940760188
0.5209863442164259
0.520255831955377
0.5226565240401199
0.5215228633937308
0.5213349285156456
0.5240448006098755
0.5178521047823678
0.5206711030817592
0.5125657389131711
0.5224989004183037
0.5214470843095487
0.5219441985173702
0.5198072159980176
0.5216441088052647
0.5223534030058365
0.5202043026944415
0.5229960131851462
0.5222412516521773
0.5194707570250159
0.519770842510319
0.5157242218795283
0.5213803956808815
0.5226353051585104
0.518867552253122
0.5244721967408003
0.519913309691981
0.522307936751657
0.5218320441835633
0.5235598114272044
0.5220442244759868
0.5230778563486445
0.5210530305098549
0.5253421445906752
0.5226049939327297
0.5244176371098518
0.5261878412841745
0.5244570399698806
0.5250602442521022
0.5236295264701472
0.5249662772099257
0.5244327921251069
0.5258998801638796
0.5220290683977414
0.5252117996338526
0.5261059994719007
0.5218896312219761
0.5242266697479232
0.526766796824828
0.5263697113345206
0.5285703452943331
0.5294008898669113
0.5265909889409711
0.5275064042009039
0.5275670274642364
0.529406952983256
0.528130825041071
0.5253542685751258
0.5248723139901508
0.5279792675464445
0.5289704597062501
0.5290038025565522
0.5287340328707677
0.5277519299576278
0.527063851067991
0.5268637918160785
0.5309316310988049
0.5309801315659902
0.5241084560282506
0.5257877272856806
0.526036279897757
0.5306254836999649
0.5299192193171026
0.53018596162284
0.5300738068220353
0.5288583092858641
0.5299555954056558
0.5325381574765442
0.5369939819246607
0.5346721048955819
0.5298404084400861
0.5358815404724383
0.5354662674531483
0.5355177997604645
0.53374759463444
0.531255967320579
0.5345841981012016
0.5364089669202492
0.534171957460886
0.5343871740525532
0.5327806494299422
0.5330534549821592
0.5333444480696711
0.5341143627554362
0.5365817423909733
0.5332383579218333
0.5358936661826805
0.5370000443909642
0.5364059356936356
0.5382367667947687
0.5359482280599823
0.5347812233186408
0.5393249563853278
0.5417226191626415
0.5431048344518394
0.5424379753535472
0.5391249002531152
0.5414983128209898
0.5416832128098136
0.5393370838240605
0.5436898492312239
0.540276745215583
0.5411042598423605
0.537839676750315
0.5435686022001222
0.5384580400885411
0.5399463488323966
0.5425410338082306
0.5438808148811314
0.540692017283702
0.5400615330427838
0.5446052653947545
0.544556765895972
0.542853244714136
0.54533577884077
0.5453873087357292
0.5428835582871414
0.5438201902525385
0.543980843975409
0.5456964898609176
0.5438868781993265
0.5462087579942926
0.5478668086232222
0.5461147912018841
0.5476303787762061
0.5462845354737278
0.5459905127050266
0.5413164394173122
0.5488883177389612
0.5466998060711529
0.549276307964741
0.5501371613144784
0.5479880559335979
0.5490489715856824
0.5477516278976845
0.5493096503022278
0.5477061576042911
0.5485851995476105
0.5462117875176196
0.5466119047931449
0.5520498319796123
0.55061911711654
0.5504129962155382
0.5471332640626099
0.5500735060229013
0.552010424438052
0.5531562115217759
0.5510950133477727
0.5507706759879786
0.553301707442258
0.5517224661610116
0.5507737092668019
0.5508767681660066
0.5536715126799944
0.5529743406346128
0.5517467177800999
0.5496339866164721
0.5523256723904048
0.5526924428020414
0.5504736220192905
0.5512435415392213
0.5518558394967894
0.5545535847051661
0.5485912596651308
0.5534350779105204
0.5521316748070942
0.5549749171717053
0.5492035582619397
0.5541110355791549
0.5554447507684289
0.5553992825091328
0.5557842414732713
0.5572028314515247
0.5542413737825487
0.5559085189994902
0.5547203010456528
0.5530016217842548
0.5550294807782429
0.5563601664628895
0.5552871273009463
0.5550567567689499
0.5570846164787158
0.556484443624512
0.5557539303291997
0.5578818135530033
0.5592125005028518
0.558933632279788
0.5542565295320044
0.5575241347191772
0.5575029150714557
0.5582031208426661
0.5608675226083845
0.5608159923104136
0.5618435590252836
0.5608129605139374
0.5607432458215664
0.5601218531053188
0.5615131613807798
0.5590700325669796
0.5602249163511792
0.55822433610019
0.5604492193850626
0.5600430431811558
0.5617010965761535
0.5599975755902564
0.5595580525996532
0.5610554543161534
0.5606826226092398
0.5628862861184526
0.5614434475169261
0.5597884240682315
0.5607280880091282
0.5592549384587011
0.5601642935995667
0.5629378157432391
0.5606765556499138
0.5587547954863701
0.5594671210040159
0.5571846415361001
0.5604280032754437
0.5658356186961241
0.5632682138863078
0.5623497677453533
0.5646777089374728
0.5645504034507636
0.5625922613145474
0.5643715649214929
0.5638259474440748
0.5668783452423984
0.5652839484208242
0.568281779145557
0.5660902377845223
0.5670086829245531
0.5672269281242733
0.5665964455448615
0.5677755709635742
0.5689395426022251
0.5634652388406431
0.56541428744325
0.5631560619486258
0.5668237837622818
0.5658932134071183
0.5691214137513854
0.5687879827191806
0.5707430907700304
0.5663084856218301
0.5659083662267268
0.5652111972891546
0.5688395132245633
0.5657143725885507
0.5650020460089593
0.5670662784931075
0.5672238998873999
0.5681908439569379
0.567017779430716
0.5666691904059881
0.5664357920169136
0.5661296454638451
0.5688092042557843
0.5653112259348685
0.5710280247135964
0.5690244172795718
0.5709795230383694
0.5665024773765442
0.566863190092345
0.5667085956812422
0.5682908726536916
0.5702884173638422
0.5708461550292356
0.5707218755471053
0.5700610761182212
0.5717827862480277
0.5713008309586911
0.5700762345048355
0.5689395461025674
0.5708522177982326
0.5707491550728435
0.5706248789621458
0.5689334788259358
0.5685576114973554
0.5705824413795199
0.5688425473257837
0.5688182955206934
0.5725860472944531
0.5719767816649662
0.5741349775335043
0.5703823831955717
0.5689880428754814
0.5717524738677069
0.5695094064394104
0.5701489822363005
0.572395083136491
0.5700337976899759
0.571610010140502
0.5710068044364583
0.5679210690256085
0.5706006258765416
0.5695275916804401
0.569800398028834
0.5727861048633481
0.5722617137788203
0.5745714677023169
0.5755899443642718
0.574847306352798
0.5736439281488035
0.5725769545520072
0.5760446188123511
0.5744562834171089
0.5750503958015946
0.5743895972096742
0.5751079847064634
0.5748745837564967
0.5744805312288026
0.5752807623562065
0.5736166502946892
0.571713070956322
0.5745047824327514
0.5736833323735394
0.5730134452818068
0.575938528683484
0.5739955431971712
0.5774450210151963
0.5754474783103259
0.5754596020794491
0.575505068460342
0.5698458626564844
0.5770964365292238
0.5757536284126085
0.5792091673032999
0.5764568581512063
0.5781694729631305
0.5778421058782213
0.5732135003684923
0.5809793726322757
0.5787423646514542
0.579145513665844
0.5776117371003934
0.5776723611453927
0.5794728787636757
0.5806156319916222
0.5792849433967989
0.5814582982907629
0.5785938359823085
0.5783634695857395
0.5755747878748958
0.5781330981419586
0.5798517739930794
0.5768781943773974
0.5765083859920812
0.5792516015051885
0.579709313064441
0.5771540321101996
0.5785635246336257
0.5805156036820037
0.5797547777630955
0.5777269221577039
0.5788151118222032
0.5782573786218961
0.5797365931901914
0.578466529635871
0.5771419035557034
0.5824252433235092
0.5807277842268712
0.5788514875994019
0.5767023829803707
0.5818099143226193
0.5808429725523151
0.5799366473535519
0.5819008491613669
0.5838771741936237
0.5831163547537542
0.581682604920293
0.5840590482892757
0.5829011363085377
0.5836771185810468
0.5834346249811835
0.5835861809542118
0.5846107214691965
0.5837286495089764
0.5783331556816298
0.5790485142750008
0.5838074595774061
0.5835285914402519
0.5835589033735447
0.5858080358921138
0.5828374845009293
0.583719555300105
0.5828374853890232
0.5821221241666467
0.5850502429972586
0.5837468337014753
0.5856231340201669
0.5824676782171012
0.5849047474517163
0.5850138671618385
0.5841530133076643
0.5817947573348591
0.5846925615291876
0.5816826056928923
0.5837407742451924
0.5854715773946412
0.5851714863739274
0.5854685447372623
0.5843470110312443
0.5831133191773006
0.5814431432294195
0.5850017426119405
0.5851957367436678
0.5831133205579069
0.5870386928818586
0.5854018547761379
0.5873994032881725
0.5866840465907298
0.5853230460318092
0.5871114428251573
0.5863718334899516
0.5877904251517532
0.5874994311758313
0.5894787884197036
0.5876964571987068
0.5869144184889012
0.5881844769130361
0.5899455925965125
0.5886724957535445
0.5873296851807366
0.5908670667987271
0.5880086686215377
0.5882663183866964
0.590269925093335
0.5894302929931584
0.5878874196762373
0.587757081540415
0.5899304348735973
0.5900668364589634
0.5894818223731794
0.5900789621684603
0.5881905383227461
0.5901244292888895
0.5867628566161144
0.5890756436208469
0.5906730740556008
0.5903942043567166
0.590791287182121
0.592382656494524
0.5907306637999176
0.5863051479108494
0.5874327441522101
0.5922401918331539
0.5870053524245592
0.5912095900939642
0.5912884014236661
0.5862778677565528
0.5858565358491035
0.5893878532233606
0.5905002955210158
0.5911732160337834
0.5900516829106137
0.5918552282160753
0.5896091317936181
0.5871599416568304
0.5877692062730175
0.590958002537222
0.5880541355513578
0.5923099058024298
0.5915612082782583
0.5787817686833227
0.5911398737882813
0.5924978409653728
0.5924826857618405
0.5938921804727546
0.5942922980614977
0.5954805145841859
0.5944196028614269
0.5951440559556808
0.5937678994245581
0.5933011029675088
0.5958957859725936
0.5954714251745991
0.594886408420468
0.5941862053658215
0.5946681617646206
0.5940285840769965
0.5935405654700971
0.5927373031036358
0.5924675282012593
0.5915824276093519
0.5923493137764289
0.5932738201817674
0.5953744257800972
0.5933374762590652
0.5906094183625024
0.5942983580695985
0.5929949507177571
0.596395932475123
0.5940013039114078
0.5958776036433215
0.5943802005888537
0.5946530073985488
0.5901426176871649
0.5962080004568238
0.5967566419806959
0.5930495168146794
0.5978690853634228
0.5954593006420908
0.5977205556247882
0.594795472605052
0.598348010990473
0.5946954444349576
0.5987178126149922
0.5958685084144655
0.5972113184728999
0.59419226937843
0.5940285847450317
0.5958745690440331
0.5962413448020072
0.5969294192844519
0.5970597603605778
0.5972446614379286
0.5938739958106437
0.5971628169083797
0.5988905883758984
0.5961322190755026
0.5955199225246252
0.6002485556147799
0.5970264156022425
0.5946014740728739
0.5951895218499332
0.5932253235073197
0.596211029721225
0.5970021639058717
0.595492642095752
0.5986784027107371
0.5966232695568381
0.596599021412798
0.5950409967088177
0.599496824686105
0.5991573365931946
0.5995786656147677
0.6005789548762542
0.6005274237704529
0.5989663681201944
0.6016216796312998
0.5994998569295188
0.6015368035289016
0.6025734648856239
0.5996211027888938
0.6004758929989402
0.6032372961782393
0.6007759820431459
0.6013640286129087
0.6023643189002518
0.6032069860077647
0.6002909917393363
0.6022279148377802
0.6016944263425995
0.6004213319058233
0.6028583981256979
0.5991452082397415
0.6021581956770256
0.6027219926747156
0.603367635570501
0.602715933096163
0.602152133099767
0.603009956983744
0.6027977758771217
0.6049802226200175
0.6033464202664992
0.6048044125049048
0.6039920580104183
0.6040435864217656
0.6046922615438912
0.6034616022279926
0.6039708399645812
0.6025795302957315
0.6043679250187574
0.6047559146284001
0.6026098421052638
0.6036859098814821
0.6036131613458454
0.6043739855170216
0.6045134192746618
0.6036495376997947
0.6056531413421885
0.6040739003735727
0.6044982623623775
0.6043739865605388
0.6050954076556474
0.6052409044719472
0.60515905983666
0.6069322986887956
0.6042497078920201
0.6053136515699306
0.6015186187574388
0.6044437026584487
0.6056773933181043
0.6079053065089223
0.6053257762700573
0.607311196051305
0.6022673184111026
0.6060047585836902
0.6049347527844021
0.6058804802659465
0.6074203188886813
0.6064533724742447
0.6051954355968302
0.6047043868257824
0.6059653539183852
0.606074476722563
0.605356086868725
0.6069868616479848
0.607626436930953
0.6053924622565752
0.6036374112577173
0.6074870038187187
0.6061532881088605
0.6043891433338411
0.6065685612174027
0.6087055376663177
0.6047922868611725
0.6056531434899287
0.608078086557043
0.604198179693866
0.6079507750186751
0.6082387359300283
0.6066867728265931
0.6087570685898209
0.6085812577159303
0.6087055361747788
0.6066776779444017
0.6033039801395127
0.607202075255524
0.6059986982291505
0.6075991601741508
0.605795608243261
0.6076840316696351
0.6068140845897171
0.6078052753426965
0.6091238384118115
0.6089540907109912
0.6081629566670881
0.6097785726190291
0.6067322399365432
0.6092693352554832
0.6081872036326942
0.6113426580893458
0.609930131911908
0.6117033704647603
0.6099725689995825
0.611409344271893
0.606917141220041
0.6111607863168216
0.6081538620596086
0.6111304785682571
0.6085418517090444
0.6107758303972346
0.6105606143667917
0.611633647825796
0.6097270441433625
0.6119761758722138
0.6087752556798494
0.6114002540988308
0.6094512040077564
0.6107637060080446
0.6110122591636055
0.6117276177255847
0.609305709110556
0.6107485476932023
0.611645772797744
0.609078371586691
0.610903137242237
0.6121459195793214
0.6111395685127239
0.609542140775947
0.6144405205087253
0.6114730024845999
0.6088843764224224
0.6136645420224269
0.6143677731138978
0.6112001953383126
0.6133432335452738
0.6121428880155059
0.6134008267517658
0.6155893356129677
0.6128036857003165
0.6130552757195298
0.6139100642501382
0.6128824943001526
0.6141677149134633
0.614061623422012
0.6136342268674336
0.6152710631851775
0.613525106055889
0.6121065155136223
0.6138949090210407
0.6140858744433916
0.6131522718388972
0.6139858449923317
0.6143738337195264
0.6141859011663021
0.6155499320516148
0.6159621704670094
0.615034628676278
0.6147618261117008
0.6172079847411781
0.6170624885422349
0.6160591678326985
0.6162167884522235
0.6152740952945779
0.6149224765932001
0.6132159246878547
0.6161955721416972
0.6121004551497329
0.6159621703754087
0.6135523877527191
0.6109971034547331
0.6128582486698944
0.6178990933831551
0.6145041757676686
0.6133098932457011
0.6173080168741806
0.6156226798492962
0.6148376039452083
0.6167593674398947
0.615313499154085
0.6159318601459446
0.616762398124921
0.617826342451896
0.6174110729048085
0.6151164729450719
0.6174322901477385
0.6173413546215333
0.6186811350525511
0.6157196773995418
0.6175444459339179
0.6174141047872393
0.6190994379828679
0.6177111600207454
0.6169351769875614
0.6193601191722278
0.6184810764497597
0.6163925971002784
0.6162531627900975
0.6161076690577356
0.6129400885982658
0.6173565110840796
0.6188630044669876
0.6186629497260183
0.6183537663282228
0.6153286544259566
0.6159288295970097
0.6154984009738177
0.6140525299836621
0.6173383239460375
0.6178111886691694
0.6165017206495481
0.6164683762235139
0.6141010282796424
0.6178445294935946
0.616083415568781
0.6179021237559799
0.6192904003066464
0.6175777868451561
0.6188660377301151
0.6200724439883235
0.6169897405333027
0.6189266607128525
0.6175323189281434
0.6203149419832626
0.6187478196363755
0.6194328661808235
0.6199906038038042
0.6177930029661158
0.6190509392798332
0.6188417872503453
0.6192691859641818
0.6181537124100344
0.6185386717609919
0.6165926517129253
0.6189145342544243
0.6163895668571762
0.6195359248648477
0.6182810234628459
0.6183931752684565
0.6215759069207177
0.6155438692730423
0.6182688943954667
0.6212394488634528
0.6173625757785448
0.6203785944062403
0.6202755342207403
0.6189236291317375
0.6195904885103201
0.6199542308191194
0.6207423350791438
0.6187478201096009
0.6205210598322151
0.6220305837442744
0.620402842735334
0.6194449935776628
0.6218274955171379
0.6209393584184056
0.6218123394259633
0.6216456265621054
0.6205907758189665
0.6197359855766702
0.6240160044838976
0.6227368484138747
0.622109394277167
0.62096967415697
0.6216244084890772
0.6222003305126459
0.6221942678060711
0.6225883206585687
0.6249132325407125
0.6228217200121162
0.6225034491431202
0.6235310173729713
0.6247919866185087
0.622894466167036
0.6234522060842369
0.6258710849637618
0.6214607229262563
0.6193540560948234
0.6247828921669042
0.6221457679843597
0.6242372822878792
0.6233764263967622
0.6224640425737115
0.6225671016114466
0.622903561894728
0.6210302953766634
0.6248829183785578
0.6258710827504376
0.6231945562681738
0.6242009085542181
0.6263106048006875
0.6241645341069922
0.6231127146022784
0.6243039663898058
0.6251223843160398
0.6249374822561035
0.6238341330216325
0.623825040727118
0.6233097380971441
0.6257862121423697
0.6259468623297347
0.6226489455730526
0.6252315052171978
0.6214486005939283
0.6251860385637159
0.6242251557945362
0.6241463451147119
0.6263409155394662
0.6259044253059278
0.6246949892771201
0.6257013403699603
0.6262499824176009
0.625586154740732
0.6261075154219014
0.6265015708842984
0.6266773785920451
0.6266137214669845
0.626792561707356
0.6244100562872319
0.628990164192955
0.6250011372699198
0.6248222969947237
0.6275261063620985
0.6275715740968582
0.6263560706589409
0.6274078892413235
0.6271290199827374
0.6245009918498876
0.6263742618051042
0.6245585872729107
0.6276382599861291
0.6259741446280678
0.6252011945674
0.6262742290901568
0.6251739133622238
0.6252375680021843
0.6252163483194124
0.6260408300943401
0.6254164069108665
0.6275442957944058
0.6257104349663283
0.6243858104601765
0.6254164080283238
0.6248132034379432
0.6254406585985651
0.627095677276702
0.623443111674729
0.623203649600966
0.6275988572724899
0.6282929945663444
0.6287567644132018
0.6270865875716258
0.6279868419875435
0.6278474113872393
0.6250769143192649
0.6289568236481198
0.6272442077161637
0.6287476714813212
0.6286991705776998
0.6292811586863671
0.628320276370539
0.6294387775716653
0.627735256617928
0.6267592197038643
0.6262136077790884
0.6289265089629192
0.6270896167738307
0.6274897365259421
0.6284051475919887
0.626974433015869
0.6268925892673657
0.6271199292361767
0.6268380281505808
0.6269107785005723
0.6279747215243592
0.6282535866223368
0.624746517853421
0.6267743762076038
0.6281111211257192
0.6295115243790375
0.6288143562879595
0.6283657414646397
0.630336007396041
0.6265258179229413
0.6310180183666101
0.6290477554714041
0.629232660000677
0.6290962565416955
0.6307482469358487
0.6287476713282014
0.6319940590607868
0.6297691775042012
0.6297903947810977
0.6295266834231177
0.629250847530055
0.629523650685159
0.6327185098409013
0.6307361204691097
0.6332186543897775
0.6310695494986992
0.6329791907242025
0.6330731602185631
0.6313423566347334
0.6330519401744921
0.6341643831385564
0.631281733072761
0.6329488802975348
0.6305027183544852
0.6298085826531655
0.632933724986096
0.6333671816986426
0.6311938306321279
0.62982979815681
0.6336975795677671
0.6308876798943762
0.632406300683925
0.6313029518112951
0.6295721478235277
0.6300904810830615
0.630996803034288
0.6307664327325356
0.631302948498581
0.6318606878317591
0.628432429420258
0.631969807734026
0.6312696076677419
0.6305390961507403
0.6319970880563477
0.6314605727318199
0.6323608317269634
0.6347312119549452
0.6326063549636384
0.6315333209442342
0.6330337517561168
0.6309846786068858
0.6298176738008636
0.6306694371602435
0.632203209541824
0.6308664607304495
0.631727316943208
0.6337036407088177
0.6315454452880755
0.6337400171717574
0.6324335781743915
0.6328609744197947
0.6335187433095001
0.634288656610944
0.6329094759176468
0.6336551431882822
0.6345554046774241
0.633061030832433
0.6326306050733012
0.6337400147331351
0.6313938849060597
0.6327185066226787
0.6332519956778978
0.6335520847767568
0.6346160262530868
0.6340855716945342
0.6352950098180999
0.6320122451615899
0.6347251491911877
0.6339491668402217
0.6351798262149292
0.6330761871840015
0.6343462545797731
0.6333399023940471
0.6334823665993105
0.6342280361556293
0.6329488787925358
0.6318425007363556
0.6334975235268616
0.6328124746311914
0.6336278632738279
0.6308391791006938
0.634061320144011
0.6319455609883431
0.6298207060524077
0.6334490229060373
0.6333611171039536
0.6374016785183152
0.634273502106658
0.6341765052697059
0.6324578298485848
0.6324729837555687
0.632873098180065
0.6311938288954169
0.6323759849139688
0.634118912221031
0.6322547415367129
0.6339582619072859
0.6315666645782017
0.630178384816946
0.6305421273093986
0.6316970031893724
0.6306209351579548
0.6309331484646993
0.6333126196478278
0.6317606561436617
0.6292144716175329
0.6321183376377948
0.6320183073498163
0.6333611190875531
0.6343765623423397
0.6342765337996993
0.6340552595426281
0.6344341537291018
0.6327185115280178
0.6339067311314822
0.6339885732765201
0.6327276031943805
0.635119200576763
0.6352737907378245
0.6358103085449683
0.6342674406562063
0.6372288972433402
0.6359163980211121
0.6355253780842645
0.6344553735769629
0.6324487364161518
0.6366196343822927
0.6361831421309626
0.6324305480231611
0.6354041304324862
0.6347918355201696
0.6338703560653188
0.635598128792303
0.6322668660712085
0.6345099340697514
0.6330822498819942
0.6345069031771329
0.6313029520505051
0.6362104226453388
0.636559010685539
0.6350403928550387
0.6356678454995298
0.6363832024614765
0.6374623009583135
0.6373016504298394
0.6378078523449829
0.6367833170728782
0.6374653296059902
0.6387293311710948
0.6362346721440587
0.6365953874680879
0.6379381930487888
0.6354950703208396
0.636268017121956
0.6371288706249034
0.6382413104123901
0.6343432194194978
0.639068822130188
0.6357769660776009
0.6352434802868564
0.6370288460754336
0.6364832295016022
0.6354980985612363
0.634870642069151
0.6350464529420479
0.6370561207614167
0.6374804841089212
0.6360315864862608
0.633891574685332
0.6358497132952343
0.6363316714778998
0.6353980704427689
0.6338491417066389
0.6341128481934267
0.6360740243948192
0.6367135985413144
0.6339673527487898
0.6351889194560303
0.634888830873984
0.6344553723490247
0.6366347853317639
0.6377229808789031
0.634228037277784
0.6387747950472844
0.6391809746485955
0.6372986185370199
0.6383686204032558
0.6388445137511192
0.6381261243290424
0.6402843231726183
0.6386535520922594
0.6395235000825843
0.6392325045594311
0.6395204687904996
0.6400024263087434
0.6391870396808723
0.6384444003100214
0.6352980402928239
0.6395689673108748
0.6371500904927287
0.63846258685311
0.6389415123742863
0.6398478337199901
0.639665963465157
0.6405086309441771
0.6396447487017716
0.639350723190535
0.639044577541595
0.6377047937506174
0.638695987253743
0.638292841911605
0.6399539270575494
0.6402691674908016
0.6391931026322578
0.6401267005906325
0.6392870694385782
0.6392446327342447
0.6394052849012345
0.6366772256560445
0.6379381964854441
0.6403267619270386
0.6388111744077538
0.6395174355231263
0.6394052855535513
0.6411057738470191
0.64129370409979
0.6402479509671274
0.6411754862533453
0.6387960179297149
0.6408814650197929
0.637844229410645
0.6415301388530035
0.6409239037463896
0.6412330815803864
0.6413179514128287
0.6413725171140339
0.6414634529017168
0.6395750253732719
0.6422606492942831
