4.750524662024799
3.8230300220541857
2.2864282854508784
1.7285386539452638
1.5846445392981274
1.4745505639657621
1.3725438878198766
1.3030902369095252
1.2319692082418894
1.1901954131213415
1.1602921206180647
1.1421787097755396
1.1250393273453496
1.1151389434405874
1.107224050749736
1.1026706288968426
1.0943644306933271
1.089944922259891
1.0855192885963862
1.0802577430048776
1.0757842262135482
1.0735637156103457
1.0699220442260249
1.068733941163774
1.0688790385299005
1.0669207961374902
1.0630015605469572
1.06104965706448
1.0590670014903465
1.0572261720631535
1.0571486214254384
1.0552050737128778
1.0547171442133008
1.0530848158496933
1.0540808358882756
1.0541414816104093
1.0528754940530674
1.051068858327354
1.0520269398759299
1.050582595190299
1.0503110750056386
1.0479597014883721
1.0465969535362847
1.0457519978635792
1.0444963895032084
1.0425225409779064
1.042395629766785
1.0415327822198555
1.0421030046985704
1.0412441684099047
1.0399030460271175
1.0392618511909806
1.0381548118480015
1.037472511021493
1.037073749071383
1.0365466615341452
1.0358035768321967
1.0355005904801124
1.034569700104349
1.0344952089176471
1.0339692328846741
1.0328926688721678
1.0322618652518554
1.0316464401169871
1.03216214544842
1.0317680015797537
1.0315054435171775
1.031822820146896
1.0317231536513198
1.0312091262687328
1.030940424039479
1.0301898271081642
1.0297154654649805
1.0285652129872451
1.0285794264253303
1.0279911062105718
1.0283962545772718
1.0279917040039386
1.027890905143872
1.0281939263720044
1.0284523315896978
1.0276649175601051
1.027378012471803
1.0278578679815387
1.0273199892557539
1.0264529413352426
1.0275924019268559
1.0267193736106577
1.0249575918615592
1.0250291869095118
1.0256655770773937
1.0245888992772076
1.024682632902544
1.0247462389316695
1.02495805665457
1.0251396013934793
1.0268940170263905
1.0260352998855857
1.0271219646261667
1.0267558254129796
1.0261563596649799
1.0263357908573865
1.024687431960387
1.0236333839228215
1.0232141979759937
1.0232057542987791
1.0223206131109694
1.022278254221407
1.0216893444279025
1.0213232015152727
1.0216867597104817
1.022796349715808
1.0219323244768177
1.0227180758068357
1.0237669718386404
1.022292100881302
1.0219163802315399
1.0226315053340291
1.0222337193856996
1.0219183605433548
1.0210500303496137
1.0209770465982635
1.0213931207448654
1.0214965018361233
1.0198721401711057
1.020054810953329
1.0204006711944271
1.0208073725722926
1.0206647633138537
1.0204707444282355
1.0208117658769884
1.0211294045205264
1.0216412709023486
1.0207219829603555
1.0210520813322423
1.0223523728536494
1.0206846888276255
1.0216936876296823
1.021391040995798
1.02206299114606
1.0218183369597582
1.0265389746404863
1.025672353666507
1.0235030152200721
1.0232563081999753
1.0221636909421425
1.0220467367680075
1.0211841011805824
1.0200168408055872
1.019354713670797
1.018660774854059
1.0184033437241053
1.0175250845721784
1.0173559468355233
1.0170365272625448
1.0171350073753687
1.0165162823885732
1.0162604287934993
1.0178861139533617
1.018789486692402
1.017711308557822
1.0176928173615643
1.0167394728926966
1.0177997531617837
1.0175359699178343
1.0178580563616657
1.0175423043214427
1.0166536225815987
1.0161088809110148
1.0153831272126257
1.0154478367158617
1.0151320982643521
1.0155613079707517
1.0154050329744349
1.0180145370964029
1.0174030672316678
1.0153394199229242
1.0159289744303523
1.0153435525780559
1.0156468657590085
1.0159362073705704
1.0147294331595318
1.0155938777089457
1.0151711510503696
1.0149352796320081
1.0140689716278983
1.0141328108335812
1.0142240558710036
1.0140575052379064
1.0142343820661743
1.0137454763545146
1.0138949945590494
1.0137625986609664
1.0132154034714742
1.0132888289329811
1.0122517999860376
1.01314625921681
1.0135109627877945
1.0134600894797419
1.012975944662186
1.014516007513961
1.0138551721281126
1.0115137278246833
1.0122655379118333
1.0152357124214153
1.013705138170904
1.0124360884905883
1.012883572120896
1.012911560180916
1.0132106769639775
1.0129498342856968
1.0136182130598108
1.0123820550472709
1.0111435078092712
1.0110026218088202
1.0130383227357174
1.0116868586739756
1.010672764466586
1.0108520559929188
1.0104703799340664
1.0104533210012612
1.0104574757444662
1.0121277408377916
1.0122704259489022
1.0126338006534783
1.0103768900495493
1.0100615807496753
1.010137529573426
1.010149575811343
1.0106419395557436
1.009063075085841
1.0094726345536238
1.0098021982687486
1.0091916311658222
1.008405264177214
1.0086294575375032
1.00821312824172
1.0092994089515466
1.0088147114360306
1.0099244086005368
1.0125081457363772
1.0094806885793737
1.0097648317842312
1.0090842036190175
1.0088950732651485
1.009723173613706
1.0092866624587393
1.0103101890696824
1.0086910516259864
1.0086532275135542
1.0077089572433047
1.0076278168532777
1.0086435795655995
1.0077828002074298
1.009641964695637
1.0088852489522704
1.0080267838489305
1.0076576384311609
1.0076436072222557
1.0083101155039516
1.01335099474113
1.010005508566074
1.0081834240907956
1.0084479534830708
1.0068551766657587
1.0073230911247208
1.005396629789426
1.0065477122764517
1.0065862751401307
1.0087496428796032
1.0081785221421522
1.0078491514580532
1.0103145272583522
1.0091422182291105
1.0084567482451123
1.0069020981342809
1.0074002216218234
1.011029786664566
1.0069719027604591
1.0064937167238777
1.0087475237761676
1.0093987543289396
1.0087451328384778
1.0065861316291727
1.006301059459625
1.0072091537557453
1.0065237770430202
1.0060004694453404
1.0042572120859476
1.0052199553735848
1.005840795408991
1.003473001821414
1.0042929677514394
1.00531605241681
1.0055353947387955
1.0053094384801462
1.0043784797281052
1.0037727910331449
1.0056922602479335
1.0053845864140785
1.0041628655142716
1.0035101998829943
1.003616168453066
1.004468778843853
1.0040920631946342
1.0034070865839932
1.0041353407236542
1.0070480900318768
1.0042343690190798
1.0048192610212159
1.0039531321649227
1.004355745197862
1.0028918795752502
1.002723891233784
1.00376629695348
1.0029696220273445
1.0029903455671003
1.005900555938237
1.004218427473586
1.0043723322963207
1.0056195372424457
1.0027561283905084
1.002782503948361
1.0046366092541943
1.0051201672932415
1.003111829148247
1.0074796562646071
1.0063974890747442
1.0036933210781707
1.0028081981951595
1.0032928376793238
1.0028055511640959
1.0015161031305828
1.0022960021732101
1.00045558061339
1.0045051656103448
1.0017424749626334
1.0021914531357086
1.0025866743464276
1.0011536587470027
1.002408709188711
1.001329947309469
1.0004172387070496
1.0008567534099957
1.001820249708248
1.0012266013580404
1.001589979942009
1.001143862777971
1.0037323970494834
1.001507964896978
1.0003580745722258
1.0002236083968128
1.0000526913632708
0.9997958623053614
1.0001136720629482
0.9986095551334697
1.0003437506511352
0.9996684371325689
1.0009840767350078
1.0006812350716834
1.002459728703892
1.0002699551877048
0.9998696942905824
1.0011922291707271
0.9986100543665667
0.997892171340063
0.9990832362916322
1.0016455072381072
1.0022556035851191
0.9993225854677967
1.000467593852081
0.9986658061404005
0.9999619599982634
0.9994040898560116
0.9999647632352137
1.0004556156417443
1.003178416324716
0.9997891091600852
0.9987171262864466
1.001757966579014
0.998811820539267
0.9998586685845292
0.9992283547848367
0.9981918485558399
0.9985125998238301
0.9977714259466466
0.9995518674092508
0.9979586321491924
0.9970519435439879
0.9989817131075319
0.994891510851734
0.9970601331584027
0.9998288759709206
0.9992731580690024
0.9988508545015955
0.9947288279095726
0.995498468418929
0.9964300841971582
0.9952119172825402
0.9945006641700805
0.994503829137964
0.9942097901472302
0.9954144536277224
0.9955060052636108
0.9959944900060957
0.9944944504102986
0.9977409627967286
0.9951070457450749
0.9957232298449704
1.001995110427225
0.9935647530336823
0.9939926001635028
0.9927520877017999
0.9963063031636914
0.9926707236934948
0.9945829979724516
0.9950802993693835
0.9942778911159998
0.9931245599662641
0.9949949069371541
0.9954371922485639
0.9928389009894809
0.9960561109075903
0.9956983849653989
0.9945386024483394
0.9956501893255281
0.9923423560903176
0.9960032316610048
0.992931250701761
0.9916898452909152
0.9923166690100605
0.9909334967588099
0.9915265322692743
0.993944733158499
0.9905105751806422
0.9946003409354229
0.9902104405178034
0.989661162796351
0.9919558157610948
0.9909043774598871
0.9926312816580082
0.9892077408330004
0.9909200108724665
0.9893525422409856
0.9911737828654997
0.9894151281248856
0.9899891686691371
0.9894372300975504
0.9917097850286437
0.9905086195719495
0.9910451022398963
0.9897097461037258
0.9883607901665193
0.9907096145873241
0.9924067582221722
0.9897994639973561
0.9904469382824157
0.9912484434276422
0.989073501538082
0.9878539393193901
0.9874808836932889
0.9898718749077893
0.9890167566253534
0.9883724856242228
0.9857681261566467
0.9863339034539109
0.9848492359264447
0.9893722557553243
0.9845141179090313
0.9890834873024817
0.9879966096648887
0.9890427333241466
0.9890532930006687
0.9898248722085277
0.9873640419031916
0.9867645511644397
0.988536618172556
0.9877847378234532
0.9874030184860335
0.9876538908043829
0.9859463465076285
0.9868216453708115
0.986210217861048
0.986156197731461
0.9862587503117427
0.9862780044855753
0.9845555452141572
0.9854399698000414
0.989222801690486
0.9856526743480218
0.9826715098993289
0.9833797016982262
0.9857600189426426
0.9855399623978227
0.9848479895047118
0.9838730692258213
0.9858370752516061
0.9852458987397399
0.9839933505550584
0.9862261044561923
0.9825313593994712
0.981160890822271
0.9812505133300412
0.9817723992948373
0.9801619790784534
0.9861040818472822
0.9851552019806756
0.9860364782143711
0.9807517635356343
0.9830801444017805
0.9825806119900135
0.9801361337492692
0.9787776598929492
0.9797445283719708
0.9810868532832767
0.9822759014297866
0.9801229971061614
0.9784008156461741
0.9784988239174246
0.9811719866363442
0.9781987710137913
0.9806680440203509
0.977005468918807
0.9789215229770656
0.9801679846759174
0.9790872895138205
0.9788005157548377
0.9858423872156334
0.9840125731083745
0.9833422123111192
0.9800247496096306
0.981892506388011
0.9797073082244852
0.9815140725208347
0.9776388876463182
0.9789721138833503
0.9760726915346619
0.9788170810759793
0.9827629481762725
0.9813391078205198
0.9799064769064245
0.9813072062509267
0.9795249644467436
0.9783365016122265
0.9794355185595479
0.9777389823023627
0.9802192393115077
0.9788874140767684
0.97882563180921
0.9776469815574319
0.9807096658493963
0.9782869297244958
0.9821058099172774
0.9817894489002622
0.9797717401759163
0.9798757289454755
0.9792996502352969
0.9794225729815721
0.9810397144692327
0.9790920908595149
0.979871986676783
0.9811449383723096
0.9765352503506597
0.9776437286676161
0.9753667539225255
0.9759074668080214
0.9749050941658219
0.9746197952997041
0.9740195738593723
0.9734577731811849
0.9730998323905414
0.9740176222771391
0.97422432305136
0.971627208227221
0.9713034681784893
0.970493053295803
0.9734028076941625
0.970490194417071
0.9722946201330736
0.9705130443290644
0.9716694293680019
0.9706086504436074
0.9721242927041138
0.9727207498982511
0.9735950968698098
0.9711481776516951
0.9695532250546366
0.9731078245619168
0.9688190042689813
0.9696700198220974
0.9725588013513309
0.9700708200038992
0.9674068407181587
0.9713750458920335
0.9696532528045329
0.9707701255657242
0.9696177023775415
0.9720063057969633
0.9677725708140831
0.9700591944393967
0.968358118884303
0.9671831665955287
0.9672206434383879
0.9729537121613384
0.9671900852401053
0.9682820998013099
0.9690954523330745
0.9677490990737264
0.9661065029604003
0.9665321370022181
0.9674277628944743
0.9656513308129501
0.9690044792628809
0.9676445119630026
0.968452189135997
0.9672432067134775
0.966230657408326
0.9676669867027778
0.9650469986684299
0.9657198854899522
0.9630730709254374
0.9644058505006313
0.9651318348904326
0.9621019924556556
0.9613799329407895
0.9644643452110021
0.9657619717600592
0.9618273369875456
0.9663418383617189
0.9619528662350632
0.9637712135857464
0.9645013290537727
0.9632059216625799
0.9620696903574119
0.9625422716570747
0.9638691675550797
0.9665642195581474
0.9658644214200908
0.9640074520910666
0.9625896295789167
0.9624818571195878
0.9617265958003772
0.9622970920134754
0.9648169241543998
0.9611390610136955
0.9611164602111941
0.9639612005879299
0.9609061166201676
0.9622090518238802
0.9619355782609246
0.960006882378654
0.961921146664835
0.9609160401930588
0.9584971662270936
0.9589975521514293
0.9591691426684049
0.9617955925631535
0.9599420874176728
0.9609262125621566
0.9606730691596836
0.9559510563516246
0.9609880597425073
0.9637673528655033
0.9570483706052427
0.9583846847265672
0.9576566767944423
0.9562448569528675
0.9585660619549337
0.9570906408290453
0.9577015901679289
0.9593759874202601
0.9593898367080314
0.9605658744470628
0.9572648559701249
0.9559589736208446
0.9560236602477347
0.9551889923088939
0.9574646652381712
0.9573130059864845
0.9569117701434295
0.9539928437813203
0.9548087366469474
0.9539490315716896
0.9585524934137929
0.9535555912286214
0.9550851662654983
0.9534569738170706
0.9574237762240276
0.9544617975999908
0.952214649367301
0.9525063285002905
0.9526347207684491
0.9559947660545638
0.953901371733681
0.9546904487035037
0.9537453101281534
0.9535388787348394
0.9557265527792459
0.9553209951184052
0.9504498953783574
0.9524199255687409
0.9539670328459702
0.9532085564191032
0.9506926084525573
0.9499307173857018
0.9511410026029162
0.9507258332911551
0.9515950384110891
0.9523451450861833
0.9520082515220948
0.9499581105723782
0.9509136622534291
0.949230624328188
0.9465626909858892
0.950957815296007
0.9487292891529322
0.9494398824975038
0.9483447174256204
0.9492253425503212
0.9488051956121356
0.9481390058715155
0.9502718853537845
0.9491329654752445
0.9507344216262346
0.9493291947174639
0.9470821871893518
0.9513592048693786
0.947899214932438
0.9491192220929692
0.9485604868655557
0.9462319241310319
0.9481108697831917
0.9482967483927064
0.9464067912472485
0.9474554188479395
0.9486547132286446
0.9462673225554741
0.9514956841948532
0.9487790650252989
0.9561337631658361
0.9490208359988593
0.9510805000083542
0.949366171397668
0.9514324612810161
0.9492974072708781
0.9496249328730125
0.9518275999341392
0.9482183426803313
0.9482604075162174
0.9515947222245328
0.9499492319350992
0.9540403594162159
0.9494818346631673
0.9475948540566482
0.9510590839567743
0.9464880442265567
0.9505047396108816
0.9482840738177121
0.950218424173414
0.9484886771859575
0.9483094379502998
0.9471696264581453
0.9480124991251682
0.9452006524099252
0.9459228185990474
0.9451210140150308
0.9438792679468512
0.945680889385232
0.9455681961929572
0.9456460586133447
0.944611108622137
0.9449653857615856
0.9430424264461953
0.9466582458076096
0.9437680644537044
0.9417491852164863
0.9452317314083196
0.9438532003313038
0.9422733891126095
0.9414368366239735
0.9408578015774349
0.9390871421325399
0.9425715805119027
0.9408364227470275
0.9409901605269798
0.9397948851924113
0.941066165919541
0.9434334546661383
0.9435083834380709
0.9417188490084452
0.9415353342108654
0.9407743943387818
0.9429815828329551
0.944357371939307
0.9448539444979308
0.9452691184762728
0.9403453851352852
0.9403890291393274
0.9442681824423296
0.9442960962504331
0.9461870481451168
0.9405234561733843
0.9442135460844934
0.941868931373865
0.9415266993644519
0.9419558705244487
0.9388464474701166
0.9370324086041567
0.933252250591031
0.9349715953586452
0.9390755104539111
0.9333537952050159
0.9339524426518225
0.9346777174909711
0.935151487540914
0.9369338729841516
0.9349278821300697
0.9335532714449711
0.9355084900756214
0.9362947431863943
0.9381439941955017
0.9371915490813273
0.9367499650472314
0.935019816558566
0.9341222566616698
0.9375912226768953
0.9342364861813017
0.9330997102739118
0.9342599128323946
0.9324932882417262
0.9342160081074228
0.9344760017220056
0.9308943526764102
0.9301723837897646
0.9305090190031614
0.9322419048419811
0.9357627803931967
0.9310001116521567
0.9307659182171496
0.9331998309537917
0.9283609684506868
0.9308583936170803
0.930343564554415
0.9327818843792308
0.9283062573574555
0.9339427453397203
0.9319164752311592
0.9293349855782396
0.9284904520633509
0.9310796124361227
0.93239348138232
0.9290625976234486
0.9290975141614882
0.9305160061631331
0.929132860014491
0.927998091606822
0.929919909424745
0.9294142470460472
0.9298811370393708
0.9283934601361644
0.9300369409486012
0.9277378327695015
0.9280482446268761
0.9296113792865751
0.9273133654531258
0.929656173094306
0.9273331078777183
0.9325938798011002
0.924763040238459
0.9264506315986619
0.9235951722917591
0.923207467649429
0.927345369009436
0.9255709974760465
0.9274815512376314
0.9260308307296637
0.9261202967070602
0.9251262147124052
0.9269160878322064
0.9262153009697981
0.9210086706048499
0.9239570370266956
0.9241553311448705
0.92578032106223
0.9231729670000633
0.9210194228748098
0.9202138096783847
0.922532485352413
0.9234166265502399
0.9214065742235037
0.9224036192104806
0.9220841840458571
0.9238131134078342
0.9197388403326897
0.9210711318096112
0.9221312913423677
0.921926908665331
0.920687151079864
0.9204542158032333
0.9234024829034566
0.9231237756913455
0.9226184029655117
0.9201128292706336
0.9266950706629737
0.9190418369712487
0.9197819772158504
0.9190840893415717
0.9249019740631689
0.9196255036575915
0.9178187752725414
0.9181592375050442
0.918343581159768
0.9166721949861927
0.9215410024382531
0.9184714184104976
0.9190158518581922
0.9204796178478837
0.9186791011087513
0.9172922714160074
0.9175286436620781
0.9188864753705612
0.9165799127488168
0.9165899675402752
0.9168803928942005
0.9155816351259339
0.9145459805299734
0.9149552540544529
0.9205565982772553
0.9167056482755065
0.9164715064401034
0.9163384849771766
0.9136685671732043
0.9133834583971309
0.912013858772199
0.9142356331001059
0.9142769342266949
0.9148898112654832
0.9131585807311466
0.9148016415375718
0.9132654315103056
0.9158648377694788
0.9135084412631672
0.9142636640209794
0.9119698832875226
0.9147103415114974
0.9159781821018239
0.9141278919924535
0.9138670124839748
0.9111840114040143
0.9125270208632967
0.9133121568026614
0.9131277965307977
0.9135688565316537
0.9131040644528977
0.9091162009851387
0.9114427818981512
0.9144645435785409
0.9114913993988139
0.9138500664750558
0.9111693896821073
0.9074098813143712
0.9094052637314092
0.9099495906125284
0.907545984321624
0.9070133125709202
0.9080983197029061
0.9071049012689895
0.9087808626109408
0.9048409384421578
0.9075717528118473
0.903992346601201
0.9071254780232854
0.9049278387162509
0.9039049563558073
0.9057891300790508
0.9066916376133245
0.9047617382677374
0.909642389216826
0.9081644631731522
0.9100650222220072
0.9063332958242827
0.9071659398083255
0.9038011049156893
0.9052387935882812
0.9038463489137853
0.908172627364828
0.9060688615936535
0.9086694897257316
0.903543221268855
0.9087707067226659
0.9071619884060216
0.9041011951680497
0.9043163566805367
0.9033861550098352
0.9062672706666502
0.9064564960582242
0.9074673813564574
0.9070392798789173
0.9049230994560107
0.9086329866896669
0.902489340108757
0.903314910327273
0.9040222489749458
0.908033129920346
0.9058885265371575
0.9046409662782968
0.9035439682442978
0.9019962920237916
0.9035492393820206
0.90192651095148
0.9031297739415237
0.9015625910005859
0.9023307513237447
0.9029626846560997
0.9030799458850787
0.8999817676138834
0.9014147706336485
0.9009423140962336
0.9033535084782097
0.9025917184370761
0.9003955361042045
0.9019682199181601
0.9015035984295037
0.8968001246053046
0.8983861378968223
0.8973111704573429
0.9022281983738079
0.9015941972084365
0.9007495092714374
0.9029707881394045
0.8998847937992603
0.8975392509796052
0.9002179783594703
0.8983807171509985
0.8991264557226323
0.9025387403180193
0.8997626577773844
0.9011646678380839
0.8999166713925755
0.8979846988351815
0.8979914298777498
0.8960812757295307
0.8962246801154304
0.8958890289563716
0.8980907825300876
0.8991745634443649
0.8950122739490336
0.8962759197646274
0.8958787624699127
0.8967466436790944
0.8958085690403449
0.8945846522171119
0.8952761424774635
0.8941497121985211
0.8963708094262995
0.8983343028037192
0.8973509904656467
0.8973836062416333
0.896999197621342
0.8941558033306964
0.8946754154320895
0.8906437776224978
0.8943851966727898
0.8945233852061922
0.8939884717754859
0.9015430404641774
0.8913039113794441
0.8936016419993655
0.8905504890707107
0.8916479058451128
0.8897788833627646
0.8904600230623189
0.8957346277071913
0.8874964580434206
0.8908964449719295
0.8901030384284271
0.8911271896211769
0.8921617033552747
0.8892566523374738
0.8877878625251159
0.8892152926586553
0.8875021844476733
0.8924064068271313
0.8906129818204674
0.8947220700646525
0.891334444633317
0.8885115067563991
0.8924193979041354
0.8916122794599373
0.8888649933216862
0.8878747606699877
0.8929560589427374
0.8917147082722098
0.8883581331612691
0.8886090876211262
0.8916571132576413
0.8889935800384242
0.8904270102502548
0.8871758505339093
0.8887841022758445
0.8906628737166931
0.8835994745866909
0.8864951808981144
0.8900425687985823
0.8951292863701525
0.8870054115117137
0.8868466217175551
0.8880649660712827
0.8853151202431296
0.8838817895912278
0.8862375465320494
0.8889544265782727
0.8859044948972166
0.885571099635703
0.8845353608389336
0.883506644995637
0.8837209817793386
0.8834415569007816
0.8821703862797753
0.8887581109304119
0.8902403898482393
0.8837134986851627
0.8849386164435668
0.8846840720731288
0.8825848907496517
0.885346058915816
0.8839693574516155
0.8842565969923375
0.8853654206137863
0.881322296471611
0.8825959214720671
0.8793451881004347
0.8847549596465322
0.8810394220661772
0.8809009556951467
0.8824751921628078
0.8845187756246143
0.8809964110656126
0.8832489460582499
0.8817538142892646
0.8816341732120715
0.8804601526349267
0.8799399184327169
0.8818627605901692
0.8827175621496334
0.8850098339992901
0.88024829433794
0.8808163797516978
0.8837426526889466
0.8791022539977112
0.8805264348048316
0.8773197703295313
0.880006819629302
0.8794976448820702
0.876807429029831
0.8785056578692221
0.8766184932754024
0.8767069340615811
0.8746613122328496
0.877241078505647
0.8763398796156905
0.8757955058960397
0.8736644673346751
0.8748541067154301
0.8764008303353544
0.872022947304478
0.8785310369005771
0.8772820470297181
0.8733111559765642
0.874344297997131
0.8763445865999356
0.8764224624594402
0.872844097224976
0.8722951720050006
0.873013923010311
0.8720840138185473
0.8763947588093591
0.8741321921827353
0.8774257862568443
0.8741283765840964
0.8721499180133767
0.8727777637947693
0.8729120694950129
0.8716173005005418
0.8735679133802612
0.8770811488747595
0.8749669909524209
0.871080454556373
0.8767976583082865
0.8710079956196696
0.8711720878287904
0.8775274600028139
0.8794253162758401
0.873179705030669
0.8698930201709538
0.8723366954701669
0.8737019360344599
0.870956030453822
0.8723722003809661
0.87486649971216
0.8739072995338809
0.8702308295789599
0.8736066579560364
0.8698867153623466
0.8705610898332715
0.8904544834017011
0.872978769613977
0.8714260823777495
0.8721575795537287
0.8689343780458476
0.8684981733374019
0.8662343655249238
0.8691736955622898
0.8679034257285262
0.8696616550191156
0.8687144204114401
0.8660065057056139
0.8672261560092046
0.8685449170550645
0.8695984280820712
0.8682418118702115
0.8699748185888154
0.8690224989062794
0.8692818974968382
0.8703352702910429
0.8712012349425516
0.8708215460388332
0.8717848527522005
0.8690190248078098
0.8700118050385045
0.8728658174569962
0.867274293659459
0.8681146815406324
0.8641048037234901
0.8681071404299199
0.866457477629621
0.8685060262819171
0.866250582764371
0.8727343176301613
0.864484698309169
0.8653519969438119
0.8709238339970219
0.8638849925325303
0.8680908636488827
0.8654259854239044
0.8687136171236507
0.8633891045280258
0.8664142327151759
0.8627872854790545
0.866589523702162
0.8642411458309077
0.8682797189913779
0.8698667634346683
0.8659328248056696
0.8646233276535227
0.8641755757677149
0.8655995043071038
0.8652573632035139
0.8688349497558381
0.864065345380174
0.8617069101651963
0.8668735392959331
0.8670832364589093
0.8600285276856637
0.8639890699477945
0.8638320962863216
0.8652962833980364
0.8669483676619395
0.864136624390083
0.8641468064462793
0.865529469882305
0.8622701948728391
0.8637354867528191
0.8645218678302412
0.8673064658932733
0.8603221656655328
0.8621615600942585
0.8623065241241594
0.8615346296902878
0.8600148517419776
0.862481088005664
0.8584489186311527
0.860683805414232
0.8598470199440741
0.8585528163809747
0.8629037158190503
0.8573634647645177
0.8563922106721944
0.8612782936490888
0.8586949094050677
0.8556600505837284
0.8560421818852618
0.8595953108869389
0.8583823698722673
0.8586631348418513
0.8593678241435985
0.8563357816218962
0.8602146413828857
0.857204264539068
0.8550194060238221
0.8546307178209308
0.855726361388904
0.8565590507065697
0.855830483046441
0.8561701446286065
0.8539692682952226
0.8552552805630238
0.8548127400522961
0.8546503551467284
0.8539146519089759
0.8534659305706627
0.8550964087239267
0.8545731502302263
0.8571323152751499
0.853273591654347
0.8526906917351775
0.8571096475340696
0.8530833874504568
0.8535047907379484
0.854485009375892
0.852445641079025
0.8555662123927606
0.852063338129918
0.8546324182453919
0.8524067518817
0.8522383487458911
0.8524576333090687
0.8515809508124192
0.8521925868176602
0.8486650951709291
0.8533061749724017
0.8511105183072205
0.8562275044449866
0.8544882256582788
0.8526629820326698
0.8494294110316282
0.8542076072082054
0.8499041799376554
0.8577387221841734
0.8524465310323528
0.8535221539075636
0.8519513857409642
0.8506694094350004
0.8531376595198552
0.8509144803331182
0.8527718751119864
0.8506973518855111
0.8493182122701043
0.8533065482065497
0.8505875799509245
0.8500062056401949
0.8503518128947576
0.8547707496654399
0.8468970617850362
0.8504304104511422
0.8523531785200961
0.850618603015119
0.8472089524748319
0.852197939531116
0.8505073246455627
0.8467283713638911
0.8532984720649031
0.8476804493958041
0.8482537555281925
0.8501849208323145
0.8473610891150882
0.8491605802134904
0.8493598561343766
0.8493089200531413
0.8547025318306983
0.8504526298060494
0.8517400352235898
0.849401605714439
0.8500923931185828
0.8503977560148392
0.851500639239608
0.8496470494564531
0.8480465659946197
0.8501894211320495
0.8506242356204453
0.8471715285204917
0.8501854438934479
0.8466566175605873
0.8492675434606998
0.8434148351366476
0.847011434542721
0.843944567683499
0.8461427406986763
0.8436427792180143
0.8479619681386205
0.8439804069198863
0.8490069905867768
0.8425587841696627
0.8477576013395036
0.8429819783353066
0.8454760474608256
0.8433735360679144
0.8466531113069924
0.8432409021359034
0.8466082933304774
0.8432832397384925
0.8453766908007279
0.844162198639789
0.843639045987175
0.8428728673543593
0.844916697464271
0.8429487287938577
0.8408501911599834
0.8469825048226307
0.8421756664065155
0.8416637535042351
0.842711270306999
0.8461735704674317
0.8391301072402111
0.8429489044326598
0.8468306414295751
0.8396132855520243
0.8393955126322331
0.8428862853754564
0.8400599618117133
0.8427890426494934
0.8418315740056124
0.8379172335799354
0.8435460871579917
0.8424661729116847
0.8405137332439588
0.8431785252544468
0.8418617001722549
0.8413749727560205
0.8418224527914944
0.8380864773309414
0.8410135768130018
0.843676560098362
0.8399294269798405
0.8398327944043157
0.8417205577740876
0.8405175717276161
0.8399480809424613
0.8404662430904306
0.839323139121657
0.8387991172172202
0.8401844064590361
0.8410022472141384
0.8352821320089819
0.8366276792954814
0.8382814282607162
0.8379919274625386
0.8382120413797991
0.8398504409114903
0.8417524391587174
0.8366035526680947
0.8430899502565055
0.8379168331061188
0.8407085192632437
0.8438155564126895
0.842021524681041
0.8385149819380885
0.8412468687832456
0.8429894851986199
0.8367927908917274
0.8401423315761526
0.8406964404951259
0.8380349267508507
0.837967704521179
0.8388838965274965
0.8377685782175178
0.8359187457470831
0.8375719201441751
0.8405420404560877
0.8364698637038795
0.8379555320232419
0.835840842550618
0.841543810261096
0.8387265469875581
0.8373714059551998
0.8351554622231855
0.8360850929437038
0.8383859345465806
0.8330030149242107
0.8354424749545074
0.837190608718483
0.8375819487495545
0.8380454183146056
0.8419766184478983
0.8353495338180958
0.8337108239747646
0.8334675781746458
0.8339221820910289
0.8384617659389458
0.8374600091471199
0.83727387278539
0.8392853088156029
0.8354231739293155
0.8350199764474543
0.836249695795729
0.8377246741561547
0.8396911268091992
0.8347245781611475
0.8363972407645638
0.8347218676590551
0.834010478406248
0.8347732443251304
0.8337728959782961
0.8332941849944544
0.8370622226344608
0.8337934964517734
0.8365397898900726
0.8325277299067848
0.8336258984268262
0.833414200090003
0.8320189281911675
0.8353822384163946
0.8337596983447881
0.8343800616920003
0.8342344731156139
0.8336258041681796
0.8347828647635828
0.8362611879259011
0.8332201766789992
0.8375122466876119
0.833374560350767
0.8347962259106235
0.835377198998831
0.8302044743551612
0.8392527005144748
0.8344124901014847
0.8301140042399109
0.8357817465565656
0.8320751652941117
0.8327178210097302
0.833875526026097
0.8334552094685634
0.8324791136819385
0.8326822231598234
0.8342757626111624
0.8313107841068811
0.8309922477027202
0.8317482629232597
0.8330502818766329
0.830136191256491
0.8310557541795954
0.83094605038036
0.8312375239238932
0.8327033475435932
0.8338264914081898
0.8268625930377829
0.8286243636126704
0.8296942477368555
0.8313163755470523
0.8294666822117867
0.8284920820515106
0.8298301047075785
0.8313310616364832
0.825731926868186
0.827640805224066
0.8301696384337565
0.828095158396958
0.8257703412320971
0.8285516383964782
0.829220346150543
0.8256431882907664
0.831980245664983
0.836738690609562
0.8275796246353193
0.8326935182564495
0.8282258865015958
0.8292747476923125
0.829946649435718
0.830342625705513
0.8293381081383049
0.8326102412028286
0.8269739263439577
0.8266212235927126
0.8293371368921767
0.8279967758832282
0.8242622503998573
0.8290103076432271
0.8296706578423346
0.8274764783521786
0.8266248856520053
0.8259196913817238
0.8264280110489659
0.8287498120655912
0.8297708908492503
0.8258315919655403
0.8254053165483496
0.8279699279722289
0.8256365619094953
0.8285019457912067
0.8254559793616972
0.8287494857836174
0.8286726331437458
0.8259257523010898
0.8239153799149092
0.8269101526361741
0.8272588673585348
0.8249288889617995
0.8272429492182142
0.8232967970218795
0.824895385811038
0.8258995056111692
0.8238965659961901
0.8254802487220677
0.8289938434663284
0.8210694871080537
0.8264176215519659
0.8271273719686465
0.8221130792323634
0.8237847562288356
0.8246553181445627
0.8240414295260347
0.8231954851044061
0.8271221223269344
0.8238537760623611
0.8269565827544154
0.8221822029487602
0.8247867130620375
0.8261092665641508
0.8244664948823043
0.8262872879714304
0.8257582112859739
0.8276961404821127
0.8254852543648703
0.8263892663839386
0.8230667057844742
0.8248222380404535
0.8262379796195917
0.8267491428564018
0.8247052019264407
0.8241723738518715
0.8229688996971002
0.8275866706851968
0.8270660103508346
0.8214604513613843
0.8209624459068653
0.8206419148264602
0.8228073268577297
0.8211189734792307
0.8212660086066228
0.824463180148864
0.8211272682189089
0.8228284651330197
0.8195381156642761
0.8206453121224646
0.8202580368831753
0.8207965011642281
0.82042870950976
0.823336490181172
0.8254875023175388
0.8270645699986902
0.8213495384397291
0.8239790016055094
0.823469495637721
0.8228865615122551
0.8247878439428482
0.8248677816577409
0.8247250160045227
0.8259336778746339
0.8251503008105123
0.8234166659524865
0.8228177265029036
0.8270137367261399
0.823723399714199
0.8210782892880418
0.8190295813502122
0.8208144433888888
0.8218309317612243
0.8185525605227818
0.824147667364816
0.8181557997377562
0.8197429409980109
0.8205401115965567
0.8205617885065578
0.8175787452731373
0.8220403833324854
0.8171013094012235
0.8196365076211971
0.8198912178977189
0.8209875447659466
0.819895696266204
0.8204431229825362
0.8152483449498455
0.8199753213599247
0.8165751104110517
0.8184861215722722
0.8177220521746699
0.8162523640514521
0.8198768856292137
0.8153981693951153
0.8153585591728301
0.8172734144102333
0.8159658619906772
0.8206873205979454
0.8205688467920951
0.8134341129898055
0.8130775865047063
0.8179339174268115
0.8198293285206654
0.8151487625217422
0.8181910744488426
0.8161537456427715
0.8153099068038883
0.8204563498331694
0.8172239651488444
0.8162981775403519
0.8181672243841712
0.816516815373847
0.815260442565501
0.8218284020322749
0.8167759524929641
0.8170949740765486
0.817667576654612
0.8162887012443972
0.816074876849706
0.8149385122229469
0.8119176618819567
0.816080492481426
0.8166353591865408
0.8139326159849751
0.818916931153753
0.8173908881322416
0.8184196016061133
0.8155870566954421
0.8175006346402949
0.8159034897427385
0.8138655265769745
0.8171418365724172
0.8142249589832259
0.8167634641692731
0.8164903578382658
0.814492595251056
0.8147557366219709
0.8165892437341382
0.8135818416952583
0.8138025216095749
0.8174451889508245
0.8180590303904347
0.8141866453828813
0.816745262215573
0.8162211602356143
0.8152819090057298
0.8145448302194993
0.8140751007035734
0.8147357396675412
0.8129850241470904
0.8203963035801365
0.812864563701835
0.8146554920263823
0.8111070361451181
0.8137322485243674
0.8121993119816447
0.8140549411005789
0.8129007737736766
0.8120170637413475
0.8142231667793013
0.815364466457816
0.8153861168241879
0.8140004302624586
0.8149454857712597
0.8190583873259613
0.8119308068431198
0.8175459600484476
0.8205298157467185
0.8156685396994822
0.8152212265935094
0.8093876661584727
0.8141462012569175
0.8127645088432576
0.8133348871358909
0.814049867202007
0.8125245873625914
0.8142756577012784
0.8132332313868545
0.8122066629732246
0.814477413773141
0.8121776811022997
0.8166877306446613
0.8179546811655781
0.8183554803129416
0.8158532971011923
0.8188117301800493
0.8183807855119009
0.8140705802504024
0.8155005211709523
0.8209937791361748
0.8169908038087187
0.815048302058801
0.8133345043958584
0.8123828953865816
0.8138792914580609
0.8129841063489326
0.8116027290235228
0.8133525548736689
0.8144335951649159
0.8118087365207732
0.8150095413758328
0.8119825933266527
0.8122160491255215
0.8097194180467303
0.814268603367854
0.8088484639915927
0.8099424909718593
0.8108124385213442
0.8131336207217723
0.8160647963404708
0.8110005066317514
0.8115223006682102
0.8193618206679844
0.811788917412327
0.8142172807307906
0.8130077029438607
0.8102466838084597
0.818146169203796
0.809405522223748
0.8131263867501872
0.8102395600797668
0.8184100001124003
0.8099300191317014
0.8091305494637295
0.811860626863961
0.8096944586613976
0.8104076971469313
0.8076404911342281
0.8075136622366142
0.8073493650713834
0.8084475901623132
0.8087838442615463
0.8059769395251195
0.8090454236689909
0.8084578415176603
0.8061169575460411
0.811871378656314
0.8092440568024608
0.8079548023114563
0.8064516783666691
0.8119803395759442
0.8050916920158162
0.8096475205779937
0.810297190916202
0.8089366047065384
0.8086357199658448
0.8104246479375193
0.8097640972415614
0.8111554811278192
0.8095842287981674
0.8076906339515454
0.8091697181803791
0.8120370226680841
0.8105290001418403
0.8090535439821772
0.8089342634473655
0.8110413080857585
0.8119956962033106
0.8096898280346221
0.8070348028091036
0.8089226554825886
0.8084149961012217
0.8099420485183272
0.8111591604175435
0.8094385979695217
0.8064032338484761
0.8102173227267521
0.8054970563550201
0.8052506801214149
0.8090991286853949
0.8070382429552115
0.8065568464588551
0.8068877844778977
0.8045957451821117
0.8056213663801836
0.8058951793582616
0.805691769225934
0.8038736765282161
0.8034355574773185
0.8046233166220066
0.8054734956558536
0.809880888089069
0.8051642617252328
0.808973412227747
0.8063826970989686
0.8052170787916922
0.8047078432146777
0.8052068231845874
0.8047559946581666
0.8043749034687506
0.8066160459089409
0.8069564592165103
0.809016665489697
0.8078579568468689
0.8073554666626694
0.8065880132755664
0.8033053379552001
0.8066995803219958
0.8046437660444448
0.8056483677730754
0.8046949671808442
0.8052807860380521
0.807933334888642
0.8061149538407967
0.803812009843225
0.8076195151260139
0.8043593428206139
0.8049147930916155
0.8026101075575454
0.803698361248053
0.8037244862147214
0.8029237414857712
0.8069669036293515
0.8035804198878089
0.806767588313265
0.8020408717406288
0.8012741194175562
0.8017855600449213
0.8025213713316642
0.8029336100317078
0.8019927266007008
0.8049234969406971
0.8003032980023241
0.8028107309516321
0.8024150398566516
