0.0031748880212538848
0.003122901200734438
0.0030766735609716526
0.0030355034433658047
0.0029994072268635895
0.00296725524765441
0.0029383374736502758
0.0029127909026093355
0.0028901573319868295
0.04166934404770533
0.04162185086806615
0.04161463568607966
0.015579294840494792
0.011708055565754572
0.011691398213307063
0.011675621976455053
0.011658932854731878
0.011641267528136571
0.011622620607415835
0.0116030736019214
0.011582616850733756
0.011561319957176843
0.011539309854308764
0.011516766647497814
0.011493765438596407
0.011868515327572823
0.011802427381277084
0.011746194213628769
0.011695955072840054
0.011650688752532005
0.011609488770365715
0.01157252675294876
0.33377841475742653
0.3215555928148762
0.23838726073368047
0.2371111841846061
0.3712664698134992
0.2880946874255897
0.2856493330248767
