0,1.3311094656586646,0.3783333456143737,0
0,1.0983301252126694,0.365000008046627,100
0,1.093230266869068,0.3783333456143737,200
0,1.0917410165071488,0.3783333456143737,300
0,1.0959732979536057,0.38166667651385067,400
0,1.0919250458478929,0.38000001218169926,500
0,1.092405977845192,0.3783333456143737,600
0,1.0922995984554291,0.3783333456143737,700
0,1.096558153629303,0.3683333430439234,800
0,1.0973628163337708,0.3783333456143737,900
0,1.093583306670189,0.3783333456143737,1000
0,1.0934769958257675,0.3783333456143737,1100
0,1.095627811551094,0.3783333456143737,1200
0,1.094810351729393,0.3783333456143737,1300
0,1.0912497773766519,0.3783333456143737,1400
0,1.0909989774227142,0.3783333456143737,1500
0,1.0914372682571412,0.3783333456143737,1600
0,1.0952942848205567,0.38500001151114704,1700
0,1.0921098381280898,0.3783333456143737,1800
0,1.092914667725563,0.39333334360271693,1900
0,1.0940372735261916,0.3783333456143737,2000
0,1.093201959133148,0.3783333456143737,2100
0,1.093117693066597,0.3783333456143737,2200
0,1.0931605041027068,0.3783333456143737,2300
0,1.0933874815702438,0.3783333456143737,2400
0,1.0923560708761215,0.3783333456143737,2500
0,1.0946679770946504,0.3783333456143737,2600
0,1.093056893348694,0.3783333456143737,2700
0,1.0920925438404083,0.3783333456143737,2800
0,1.092278379201889,0.3783333456143737,2900
0,1.0929023802280426,0.3783333456143737,3000
0,1.0927175432443619,0.3783333456143737,3100
0,1.092763650417328,0.3783333456143737,3200
0,1.0958592310547828,0.3783333456143737,3300
0,1.0940853774547576,0.3783333456143737,3400
0,1.0924189120531083,0.3783333456143737,3500
0,1.0926326483488082,0.3783333456143737,3600
0,1.0925165981054306,0.3783333456143737,3700
0,1.092557927966118,0.3783333456143737,3800
0,1.0927367120981217,0.3783333456143737,3900
0,1.092625117301941,0.3783333456143737,4000
0,1.0921560287475587,0.3783333456143737,4100
0,1.092063906788826,0.3783333456143737,4200
0,1.0919768691062928,0.3783333456143737,4300
0,1.091741180419922,0.3783333456143737,4400
0,1.0922637462615967,0.3783333456143737,4500
0,1.0925982475280762,0.3783333456143737,4600
0,1.0931001156568527,0.3783333456143737,4700
0,1.0931791812181473,0.37833334486931564,4800
0,1.0922803729772568,0.3783333456143737,4900
0,1.0934408128261566,0.3816666787490249,5000
0,1.091956290602684,0.3783333456143737,5100
0,1.0917348325252534,0.38000001218169926,5200
0,1.0919589430093766,0.38000001218169926,5300
0,1.0917186617851258,0.38000001218169926,5400
0,1.0919250935316085,0.3783333456143737,5500
0,1.0918649762868882,0.38000001218169926,5600
0,1.0917382657527923,0.38000001218169926,5700
0,1.092487347126007,0.38000001218169926,5800
0,1.091745239496231,0.38000001218169926,5900
0,1.0922763705253602,0.38000001218169926,6000
0,1.0931219398975371,0.38000001218169926,6100
0,1.0919842898845673,0.38000001218169926,6200
0,1.0925265580415726,0.3783333456143737,6300
0,1.0923010796308517,0.38000001218169926,6400
0,1.0918050318956376,0.38000001218169926,6500
0,1.0926548779010772,0.3783333456143737,6600
0,1.0920773893594742,0.38000001218169926,6700
0,1.0921049028635026,0.38000001218169926,6800
0,1.0920538812875749,0.38000001218169926,6900
0,1.0917954981327056,0.38000001218169926,7000
0,1.0926429480314255,0.38000001218169926,7100
0,1.0925540685653687,0.38000001218169926,7200
0,1.0918401330709457,0.38000001218169926,7300
0,1.0929477751255035,0.38000001218169926,7400
0,1.0953797742724418,0.38000001218169926,7500
0,1.0924803733825683,0.38000001218169926,7600
0,1.0919371575117112,0.38000001218169926,7700
0,1.0924215644598008,0.38000001218169926,7800
0,1.0918525099754333,0.37666667830199,7900
0,1.0922156870365143,0.37666667830199,8000
0,1.0931990504264832,0.38000001218169926,8100
0,1.0936157882213593,0.37500000912696124,8200
0,1.0929389521479607,0.37666667830199,8300
0,1.0912181615829468,0.37833334486931564,8400
0,1.0907179564237595,0.3733333442360163,8500
0,1.089065781235695,0.3733333444222808,8600
0,1.0883748948574066,0.32833334170281886,8700
0,1.0844637423753738,0.3166666740551591,8800
0,1.0797538369894029,0.3066666742786765,8900
0,1.0778872936964035,0.4266666769981384,9000
0,1.0704486697912217,0.3616666765883565,9100
0,1.0629917845129966,0.36833334267139434,9200
0,1.0620288267731666,0.4800000131130219,9300
0,1.0497702449560165,0.28333334159106016,9400
0,1.0403099477291107,0.5450000181794167,9500
0,1.034025253355503,0.38000001218169926,9600
0,1.0326813340187073,0.5483333498239518,9700
0,1.0181406795978547,0.5483333505690098,9800
0,1.0171355873346328,0.5533333502709865,9900
0,1.0070853725075721,0.5450000166893005,10000
0,1.006702619791031,0.5566666826605797,10100
0,0.9932108387351036,0.560000016540289,10200
0,0.9881041035056114,0.5583333492279052,10300
0,0.9806559711694718,0.5616666823625565,10400
0,0.9744798690080643,0.5600000157952308,10500
0,0.9705820932984353,0.5616666831076145,10600
0,0.967311505973339,0.5616666831076145,10700
0,0.9586869910359382,0.560000017285347,10800
0,0.9564330115914345,0.5666666828095913,10900
0,0.9476258546113968,0.560000016540289,11000
0,0.944725975394249,0.5616666831076145,11100
0,0.9423158645629883,0.5600000157952308,11200
0,0.9783182695508004,0.4850000154227018,11300
0,0.9445613086223602,0.5700000174343586,11400
0,0.9285684689879418,0.568333350121975,11500
0,0.929767295718193,0.5716666854918003,11600
0,0.9220252126455307,0.5750000186264514,11700
0,0.9245945289731026,0.5766666851937771,11800
0,0.9217783600091934,0.5783333517611027,11900
0,0.9179635241627693,0.5650000162422657,12000
0,0.9184641852974892,0.5800000183284283,12100
0,0.9166785180568695,0.5783333517611027,12200
0,0.9110706195235252,0.585000017285347,12300
0,0.9062211483716964,0.5800000183284283,12400
0,0.9034528195858001,0.5800000183284283,12500
0,0.9074897319078445,0.585000018030405,12600
0,0.8984193071722985,0.5816666848957539,12700
0,0.8985894352197648,0.5783333517611027,12800
0,0.9019018143415451,0.5783333517611027,12900
0,0.8928605496883393,0.5900000177323819,13000
0,0.8899189680814743,0.5816666848957539,13100
0,0.8863470181822777,0.5833333514630794,13200
0,0.8877796232700348,0.5783333510160447,13300
0,0.8964187026023864,0.5783333510160447,13400
0,0.8780270278453827,0.5833333514630794,13500
0,0.8807831436395646,0.585000018030405,13600
0,0.88109011054039,0.5833333514630794,13700
0,0.8751249939203263,0.585000017285347,13800
0,0.8744034379720688,0.5950000181794166,13900
0,0.8787030264735222,0.5900000177323819,14000
0,0.87965247631073,0.5866666853427887,14100
0,0.8722115084528923,0.585000018030405,14200
0,0.8570470795035362,0.593333350867033,14300
0,0.8723909318447113,0.5866666853427887,14400
0,0.8585070833563805,0.5983333520591259,14500
0,0.857215529680252,0.5950000181794166,14600
0,0.8661569029092788,0.593333350867033,14700
0,0.8578148663043976,0.5966666840016842,14800
0,0.8575762048363685,0.5966666832566261,14900
0,0.8529424592852592,0.5883333504199981,15000
0,0.8528770297765732,0.5966666832566261,15100
0,0.848201009631157,0.5933333516120911,15200
0,0.8400699734687805,0.6000000178813935,15300
0,0.8484552845358848,0.5900000177323819,15400
0,0.8457476228475571,0.5916666842997074,15500
0,0.8451975852251052,0.593333350121975,15600
0,0.8478337213397026,0.5966666840016842,15700
0,0.8414816632866859,0.5966666840016842,15800
0,0.8339694112539291,0.6016666844487191,15900
0,0.8215288847684861,0.6066666856408119,16000
0,0.8403506472706794,0.6000000171363353,16100
0,0.8278739616274834,0.6050000183284283,16200
0,0.8222720071673393,0.6083333529531956,16300
0,0.8479862451553345,0.593333350121975,16400
0,0.8428268298506737,0.6000000171363353,16500
0,0.8306525915861129,0.6000000186264515,16600
1,0.8422006860375404,0.6100000165402889,0
1,0.8378839522600174,0.6050000168383122,100
1,0.8382882609963417,0.6000000171363353,200
1,0.8385444089770318,0.5916666835546494,300
1,0.8316658124327659,0.6000000163912773,400
1,0.82170330286026,0.6000000178813935,500
1,0.8176239907741547,0.6133333548903466,600
1,0.8203875571489334,0.623333353549242,700
1,0.8262247398495675,0.6050000175833702,800
1,0.8220207661390304,0.6250000186264515,900
1,0.8164429649710655,0.6033333517611027,1000
1,0.8154599100351334,0.6216666847467422,1100
1,0.8108098864555359,0.6316666848957538,1200
1,0.805434773862362,0.6316666841506958,1300
1,0.7975130781531334,0.6416666850447654,1400
1,0.8171585246920585,0.6200000174343586,1500
1,0.8085337027907371,0.6133333511650563,1600
1,0.808472529053688,0.631666685640812,1700
1,0.8100816458463669,0.6450000181794167,1800
1,0.828082263469696,0.6300000183284282,1900
1,0.8084071516990662,0.6483333505690098,2000
1,0.8030097112059593,0.6183333523571491,2100
1,0.8088675647974014,0.6283333525061607,2200
1,0.8101379752159119,0.6400000169873238,2300
1,0.811734239757061,0.6300000190734864,2400
1,0.8223677709698677,0.6216666862368584,2500
1,0.794569581747055,0.6483333520591259,2600
1,0.7980420961976051,0.6300000190734864,2700
1,0.8041867658495903,0.6333333522081375,2800
1,0.8010556489229202,0.6183333531022072,2900
1,0.8001369006931782,0.6416666850447654,3000
1,0.7999445468187332,0.6500000163912774,3100
1,0.789169679582119,0.6366666853427887,3200
1,0.8147967711091042,0.6416666835546494,3300
1,0.8085605025291442,0.6416666835546494,3400
1,0.7988467663526535,0.6300000205636025,3500
1,0.7888892121613026,0.6516666851937771,3600
1,0.789623349905014,0.6333333529531956,3700
1,0.7973400369286537,0.6516666866838932,3800
1,0.7927050501108169,0.6666666850447655,3900
1,0.796659716963768,0.6500000163912774,4000
1,0.7873814560472965,0.6733333505690098,4100
1,0.7899160981178284,0.6533333525061608,4200
1,0.7911197349429131,0.6550000190734864,4300
1,0.7979892000555993,0.6333333544433117,4400
1,0.7979542031884194,0.6550000198185444,4500
1,0.8017264276742935,0.6516666851937771,4600
1,0.7927907764911651,0.6433333531022072,4700
1,0.7942580699920654,0.6350000210106372,4800
1,0.787528520077467,0.6533333517611026,4900
1,0.7810014113783836,0.6533333517611026,5000
1,0.8103919520974159,0.6200000189244748,5100
1,0.8213584914803504,0.6150000184774399,5200
1,0.8122727528214455,0.6583333522081375,5300
1,0.7974081680178642,0.6316666848957538,5400
1,0.79604047909379,0.6350000187754631,5500
1,0.7958770945668221,0.6400000184774399,5600
1,0.8067391142249107,0.6416666835546494,5700
1,0.7905230388045311,0.6500000178813934,5800
1,0.7977831780910491,0.6416666842997074,5900
1,0.7919574417173862,0.6466666847467423,6000
1,0.8082242399454117,0.6366666831076145,6100
1,0.795064440369606,0.6466666847467423,6200
1,0.7823297053575515,0.6650000177323818,6300
1,0.780678627640009,0.6583333514630795,6400
1,0.7758677147328854,0.6600000187754631,6500
1,0.7751933589577675,0.6683333516120911,6600
1,0.7904601752758026,0.6466666847467423,6700
1,0.8059411570429802,0.6333333529531956,6800
1,0.7897641457617283,0.651666684448719,6900
1,0.7886860750615596,0.6433333523571492,7000
1,0.7783223420381546,0.6483333520591259,7100
1,0.7755169466137886,0.6550000190734864,7200
1,0.7790303431451321,0.668333350867033,7300
1,0.776403883099556,0.6583333522081375,7400
1,0.7742130145430565,0.6600000180304051,7500
1,0.7856922328472138,0.6616666845977306,7600
1,0.7804133996367455,0.6533333517611026,7700
1,0.7952934101223945,0.651666684448719,7800
1,0.7799573689699173,0.6600000187754631,7900
1,0.7841755524277687,0.6600000195205211,8000
1,0.7763920873403549,0.6633333511650562,8100
1,0.7891429468989373,0.643333350867033,8200
1,0.7831253826618194,0.6550000175833702,8300
1,0.781529712677002,0.651666684448719,8400
1,0.780185479670763,0.6350000172853469,8500
1,0.7847577512264252,0.6500000171363354,8600
1,0.7964031234383583,0.643333350867033,8700
1,0.792711079865694,0.6433333523571492,8800
1,0.7675777472555637,0.6583333514630795,8900
1,0.7723601937294007,0.6500000163912774,9000
1,0.7708448097109795,0.6633333511650562,9100
1,0.7667648389935493,0.6650000184774398,9200
1,0.7733038097620011,0.6650000162422657,9300
1,0.7733951583504677,0.6616666823625564,9400
1,0.7771772257983685,0.6633333511650562,9500
1,0.7732467293739319,0.651666684448719,9600
1,0.7723620638251305,0.6566666841506958,9700
1,0.7672994934022427,0.6500000178813934,9800
1,0.7722103759646416,0.6616666853427887,9900
1,0.7709905460476876,0.651666683703661,10000
1,0.7728134840726852,0.6616666845977306,10100
1,0.7723368048667908,0.6583333522081375,10200
1,0.7747278407216072,0.6533333517611026,10300
1,0.772005221247673,0.6500000163912774,10400
1,0.768274613469839,0.6533333525061608,10500
1,0.7597298733890057,0.6683333516120911,10600
1,0.7752614140510559,0.6483333528041839,10700
1,0.7632141746580601,0.665000019222498,10800
1,0.7766077287495137,0.6616666853427887,10900
1,0.7682101339101791,0.6583333522081375,11000
1,0.7621230535209179,0.665000019222498,11100
1,0.7633170500397682,0.6583333522081375,11200
1,0.7762924842536449,0.6533333525061608,11300
1,0.7681196525692939,0.6650000177323818,11400
1,0.7703339338302613,0.6666666850447655,11500
1,0.7577953539788723,0.6650000184774398,11600
1,0.7557689145207405,0.668333350867033,11700
1,0.7602788262069226,0.6616666853427887,11800
1,0.7736744202673436,0.6550000168383121,11900
1,0.7594884090125561,0.676666683703661,12000
1,0.7584114402532578,0.6833333514630795,12100
1,0.780623771250248,0.6516666866838932,12200
1,0.7611237190663814,0.6616666853427887,12300
1,0.7689279891550541,0.6616666853427887,12400
1,0.7624015189707279,0.6650000169873238,12500
1,0.7542954705655575,0.685000017285347,12600
1,0.774145582318306,0.6700000196695328,12700
1,0.7649619616568089,0.6616666853427887,12800
1,0.7713423565030098,0.6550000190734864,12900
1,0.757431511580944,0.6716666854918003,13000
1,0.7570800714194774,0.6733333513140678,13100
1,0.7610698826611042,0.6733333505690098,13200
1,0.7641934767365456,0.6783333517611027,13300
1,0.7707736968994141,0.6516666851937771,13400
1,0.7511053882539273,0.6750000171363354,13500
1,0.7461994893848896,0.6916666835546493,13600
1,0.7630684517323971,0.6750000171363354,13700
1,0.7593090012669563,0.6616666845977306,13800
1,0.762375907599926,0.6666666850447655,13900
1,0.7712543293833732,0.6633333504199982,14000
1,0.7537819020450115,0.6683333516120911,14100
1,0.7488947957754135,0.6700000174343586,14200
1,0.7525775872170926,0.6833333499729634,14300
1,0.7474097482860088,0.6800000168383121,14400
1,0.7419727087020874,0.6883333496749401,14500
1,0.754653187841177,0.6650000184774398,14600
1,0.7600900426506996,0.6833333499729634,14700
1,0.7394412033259868,0.6800000168383121,14800
1,0.7383497200906277,0.6850000157952308,14900
1,0.7606454238295555,0.6416666820645333,15000
1,0.7445636928081513,0.676666685193777,15100
1,0.7451737657189369,0.6733333498239518,15200
1,0.7509309612214565,0.668333350867033,15300
1,0.7568683221936225,0.6483333513140679,15400
1,0.7513573706150055,0.671666682511568,15500
1,0.7935419552028179,0.6066666826605797,15600
1,0.7583234071731567,0.6633333511650562,15700
1,0.7493356466293335,0.6633333504199982,15800
1,0.74632074162364,0.685000017285347,15900
1,0.749495093524456,0.6750000178813934,16000
1,0.7613358534872532,0.6633333511650562,16100
1,0.749432074278593,0.6700000166893005,16200
1,0.744633773714304,0.6733333520591259,16300
1,0.7388315804302692,0.6700000174343586,16400
1,0.7548970937728882,0.6733333513140678,16500
1,0.7592376612126828,0.6533333517611026,16600
2,0.7490927278995514,0.6783333502709865,0
2,0.766312500834465,0.660000017285347,100
2,0.7493328966200352,0.6716666847467423,200
2,0.7579405643045902,0.676666683703661,300
2,0.742117129266262,0.6816666841506958,400
2,0.7443276792764664,0.6783333502709865,500
2,0.741976622492075,0.685000018030405,600
2,0.7581507310271263,0.6583333522081375,700
2,0.7543736107647419,0.6800000183284283,800
2,0.7448545277118683,0.6600000180304051,900
2,0.7384923234581947,0.676666685193777,1000
2,0.7409642517566681,0.6683333516120911,1100
2,0.7340076133608818,0.6733333513140678,1200
2,0.7499274641275406,0.6666666857898236,1300
2,0.7456303738057614,0.6700000189244747,1400
2,0.7358890682458877,0.6700000189244747,1500
2,0.7381059810519218,0.6633333519101143,1600
2,0.754994136095047,0.6750000171363354,1700
2,0.7392355687916279,0.6833333514630795,1800
2,0.7401584528386593,0.685000018030405,1900
2,0.7440663173794746,0.676666684448719,2000
2,0.7437435075640678,0.6700000181794167,2100
2,0.769782929122448,0.6650000177323818,2200
2,0.730219553411007,0.6900000169873237,2300
2,0.7323217153549194,0.6883333504199982,2400
2,0.7428904123604297,0.6733333513140678,2500
2,0.7283647172152996,0.6900000177323818,2600
2,0.7292420387268066,0.6916666842997075,2700
2,0.7397674150764942,0.6833333514630795,2800
2,0.735103615373373,0.6816666841506958,2900
2,0.7507998459041119,0.6783333495259285,3000
2,0.7333364948630333,0.6866666845977306,3100
2,0.7437339358031749,0.6716666840016842,3200
2,0.7296152226626873,0.6866666838526726,3300
2,0.7457288771867752,0.6833333507180214,3400
2,0.7402887366712093,0.685000018030405,3500
2,0.7321526661515236,0.7016666837036609,3600
2,0.7442095816135407,0.6800000183284283,3700
2,0.7497005626559258,0.6733333513140678,3800
2,0.7375298909842968,0.676666683703661,3900
2,0.7320639818906785,0.6950000166893006,4000
2,0.7299035809934139,0.6816666848957539,4100
2,0.7456925854086875,0.6883333511650562,4200
2,0.7397828958928585,0.685000016540289,4300
2,0.7432690814137459,0.6700000189244747,4400
2,0.7422921091318131,0.6750000178813934,4500
2,0.7394805952906609,0.6733333513140678,4600
2,0.7515261195600033,0.6750000178813934,4700
2,0.7435279674828053,0.6883333511650562,4800
2,0.7413103550672531,0.685000018030405,4900
2,0.7424322590231895,0.685000018030405,5000
2,0.7483844697475434,0.6733333513140678,5100
2,0.7350358821451664,0.6883333511650562,5200
2,0.747077114135027,0.6716666847467423,5300
2,0.7434272713959217,0.685000018030405,5400
2,0.7412867605686188,0.6833333499729634,5500
2,0.7493018612265587,0.6733333520591259,5600
2,0.7441233433783054,0.676666685193777,5700
2,0.7433983258903026,0.6900000177323818,5800
2,0.7334118574857712,0.6883333504199982,5900
2,0.7483370840549469,0.6750000171363354,6000
2,0.741369192302227,0.6800000183284283,6100
2,0.7391264863312245,0.6833333514630795,6200
2,0.7527284897863865,0.6750000193715096,6300
2,0.7295185282826424,0.6900000177323818,6400
2,0.7263973027467727,0.6833333507180214,6500
2,0.7338295735418796,0.6800000175833703,6600
2,0.7195841893553734,0.6816666841506958,6700
2,0.7287334583699703,0.676666684448719,6800
2,0.751915717869997,0.6550000175833702,6900
2,0.717277965694666,0.693333350867033,7000
2,0.7312371328473091,0.6833333514630795,7100
2,0.7259259320795536,0.6983333513140678,7200
2,0.740902604162693,0.6633333511650562,7300
2,0.7336741857230663,0.6883333496749401,7400
2,0.7316747084259987,0.6816666848957539,7500
2,0.735675286501646,0.6750000163912773,7600
2,0.727911914139986,0.6900000177323818,7700
2,0.7391977690160274,0.6700000189244747,7800
2,0.7333318442106247,0.6816666848957539,7900
2,0.7343084000051021,0.685000018030405,8000
2,0.7479584716260433,0.6750000186264515,8100
2,0.7373430594801903,0.6783333517611027,8200
2,0.7336459785699845,0.6900000177323818,8300
2,0.7374424062669277,0.6750000186264515,8400
2,0.7445514544844627,0.6716666840016842,8500
2,0.7387111715972423,0.6833333514630795,8600
2,0.7363212056457996,0.6900000184774399,8700
2,0.7297911994159222,0.6916666835546493,8800
2,0.7388330452144146,0.6883333511650562,8900
2,0.735662629455328,0.6600000195205211,9000
2,0.7195138424634934,0.6900000177323818,9100
2,0.7287938065826893,0.685000018030405,9200
2,0.729439590871334,0.6783333517611027,9300
2,0.7259998120367527,0.6816666848957539,9400
2,0.7326779320836068,0.6716666854918003,9500
2,0.723389345407486,0.6916666842997075,9600
2,0.7199271000921726,0.693333350867033,9700
2,0.7200607970356941,0.6833333507180214,9800
2,0.7305167749524116,0.6916666842997075,9900
2,0.7233038172125816,0.6850000187754631,10000
2,0.721266382932663,0.6883333504199982,10100
2,0.7193021237850189,0.6983333513140678,10200
2,0.715194059163332,0.7033333510160447,10300
2,0.7111621171236038,0.6950000174343586,10400
2,0.7190981194376945,0.696666682511568,10500
2,0.7171103723347187,0.6966666847467422,10600
2,0.7185000315308571,0.6883333519101142,10700
2,0.72350068166852,0.6833333514630795,10800
2,0.7187199346721173,0.6950000174343586,10900
2,0.708730710297823,0.7050000175833702,11000
2,0.7284321293234826,0.6666666842997074,11100
2,0.7285611055791378,0.668333350867033,11200
2,0.7188649721443653,0.6916666835546493,11300
2,0.7161339893937111,0.7000000178813934,11400
2,0.7086310438811779,0.6950000181794167,11500
2,0.7202122643589973,0.676666685193777,11600
2,0.7430733770132065,0.6583333499729633,11700
2,0.6966950744390488,0.7150000169873237,11800
2,0.7141191579401494,0.7016666837036609,11900
2,0.7128208890557289,0.6916666850447655,12000
2,0.7057541891932487,0.6900000177323818,12100
2,0.7194530762732029,0.6916666842997075,12200
2,0.7185401260852814,0.6900000177323818,12300
2,0.7089532449841499,0.7000000178813934,12400
2,0.7111925676465034,0.6950000174343586,12500
2,0.718874990940094,0.6883333511650562,12600
2,0.7030640937387943,0.7000000178813934,12700
2,0.7080698512494564,0.6950000181794167,12800
2,0.7159021534025669,0.6883333511650562,12900
2,0.7164906419813633,0.6983333498239517,13000
2,0.7010809443891048,0.7083333499729634,13100
2,0.6989254586398601,0.7050000168383121,13200
2,0.6936609111726284,0.7066666834056378,13300
2,0.7256654605269433,0.6883333504199982,13400
2,0.7214726217091083,0.6883333504199982,13500
2,0.7196105562150479,0.6950000166893006,13600
2,0.7174709886312485,0.6916666842997075,13700
2,0.7153206713497638,0.6916666842997075,13800
2,0.7192554667592048,0.6866666845977306,13900
2,0.712111996859312,0.693333350867033,14000
2,0.7043403625488281,0.6966666840016842,14100
2,0.7107732683420181,0.693333350867033,14200
2,0.7103759907186031,0.6916666835546493,14300
2,0.7043146640062332,0.6983333513140678,14400
2,0.7054575726389885,0.6966666832566262,14500
2,0.7118504457175732,0.6916666850447655,14600
2,0.721896206587553,0.7000000178813934,14700
2,0.7017121233046055,0.7000000178813934,14800
2,0.7035095319151878,0.6916666842997075,14900
2,0.7110590197145938,0.6866666845977306,15000
2,0.7014026910066604,0.7050000168383121,15100
2,0.7045886553823948,0.701666684448719,15200
2,0.7055616341531277,0.7000000163912773,15300
2,0.6918714478611946,0.7116666831076145,15400
2,0.701670691370964,0.7033333502709865,15500
2,0.698352774977684,0.7100000165402889,15600
2,0.7026396557688713,0.7000000156462193,15700
2,0.6990135289728642,0.7150000169873237,15800
2,0.6954301275312901,0.7133333504199981,15900
2,0.7036399625241756,0.6950000174343586,16000
2,0.692334458976984,0.7066666834056378,16100
2,0.6986720241606236,0.7150000169873237,16200
2,0.6891382612287998,0.718333350121975,16300
2,0.7002212814986706,0.7000000163912773,16400
2,0.710872795432806,0.6933333516120911,16500
2,0.6974242627620697,0.7150000169873237,16600
3,0.6994933791458606,0.7200000166893006,0
3,0.7012508638203144,0.7000000171363354,100
3,0.694183499366045,0.7016666837036609,200
3,0.7013521835207939,0.6900000177323818,300
3,0.7064846709370614,0.6950000181794167,400
3,0.6931141965091229,0.7050000175833702,500
3,0.6945638917386532,0.6900000169873237,600
3,0.6974382050335407,0.710000017285347,700
3,0.693414469063282,0.7083333507180214,800
3,0.6945853441953659,0.7066666841506958,900
3,0.7043088167905808,0.7050000175833702,1000
3,0.7077780619263649,0.7050000168383121,1100
3,0.7037490375339985,0.7083333507180214,1200
3,0.6956773683428764,0.7000000178813934,1300
3,0.7071721643209458,0.685000018030405,1400
3,0.702967669069767,0.7133333496749401,1500
3,0.6934444077312947,0.7083333499729634,1600
3,0.6980724699795247,0.7000000171363354,1700
3,0.695200876891613,0.7166666835546494,1800
3,0.6926555663347245,0.7050000175833702,1900
3,0.7105368800461292,0.6900000177323818,2000
3,0.6998863555490971,0.7133333504199981,2100
3,0.7070896230638027,0.7100000165402889,2200
3,0.6996219128370285,0.710000017285347,2300
3,0.7072350889444351,0.7083333507180214,2400
3,0.7005924321711063,0.7166666835546494,2500
3,0.6966251090168953,0.710000017285347,2600
3,0.6972790651023388,0.7166666828095913,2700
3,0.6973553486168385,0.7050000160932541,2800
3,0.6953392550349236,0.7116666831076145,2900
3,0.6926488250494003,0.7100000165402889,3000
3,0.698287808150053,0.7133333504199981,3100
3,0.7089412599802017,0.6966666847467422,3200
3,0.7005370073020458,0.7083333499729634,3300
3,0.7150131888687611,0.6983333513140678,3400
3,0.6969381883740425,0.7116666831076145,3500
3,0.7039108291268349,0.701666684448719,3600
3,0.6928088404238224,0.7100000165402889,3700
3,0.7025805465877056,0.701666684448719,3800
3,0.6889750078320503,0.7200000159442425,3900
3,0.6838222227990627,0.7100000165402889,4000
3,0.7103497691452503,0.6950000159442424,4100
3,0.6942611619830131,0.7183333493769168,4200
3,0.6922262519598007,0.718333350121975,4300
3,0.7003139667212963,0.7083333507180214,4400
3,0.7073223166167736,0.7100000165402889,4500
3,0.6949280805885791,0.718333350121975,4600
3,0.6827769994735717,0.7200000166893006,4700
3,0.6822049133479595,0.7166666828095913,4800
3,0.698086104542017,0.7083333507180214,4900
3,0.695293727517128,0.701666684448719,5000
3,0.7092762038111686,0.6983333513140678,5100
3,0.7039500586688519,0.7033333510160447,5200
3,0.7040216155350209,0.7083333507180214,5300
3,0.7063100032508374,0.7050000175833702,5400
3,0.694422872364521,0.7116666838526726,5500
3,0.6966783918440342,0.7083333499729634,5600
3,0.7126233644783497,0.6866666845977306,5700
3,0.6957866430282593,0.7000000171363354,5800
3,0.6996217042207717,0.7016666837036609,5900
3,0.6896213240921497,0.7116666831076145,6000
3,0.6902531452476979,0.7016666829586029,6100
3,0.6806186378002167,0.7083333499729634,6200
3,0.6846577741205693,0.7100000165402889,6300
3,0.6898513808846474,0.7116666823625565,6400
3,0.6977887824177742,0.7033333495259285,6500
3,0.6937829174101353,0.7016666829586029,6600
3,0.6896585628390313,0.7100000165402889,6700
3,0.6856656245887279,0.7083333492279053,6800
3,0.7068244107067585,0.6916666835546493,6900
3,0.6950213722884655,0.7066666826605796,7000
3,0.6828988820314408,0.7033333487808704,7100
3,0.6831119365990161,0.7066666834056378,7200
3,0.6780765116214752,0.7166666820645332,7300
3,0.6780452072620392,0.7316666819155216,7400
3,0.6776841819286347,0.7266666814684868,7500
3,0.6780065655708313,0.7200000159442425,7600
3,0.6847388416528701,0.7116666831076145,7700
3,0.6858598798513412,0.7066666841506958,7800
3,0.6980899758636951,0.7016666837036609,7900
3,0.6954843439161777,0.7066666841506958,8000
3,0.6966630756855011,0.7016666837036609,8100
3,0.6878379091620446,0.7083333499729634,8200
3,0.6889964811503887,0.7100000150501729,8300
3,0.6847570836544037,0.7033333510160447,8400
3,0.6871908791363239,0.6966666847467422,8500
3,0.6813342988491058,0.710000017285347,8600
3,0.6835801050066947,0.7116666838526726,8700
3,0.6765156194567681,0.7166666835546494,8800
3,0.6783195368945598,0.7200000159442425,8900
3,0.6785250775516033,0.718333350121975,9000
3,0.6889063902199268,0.7100000157952309,9100
3,0.6932934410870075,0.7033333510160447,9200
3,0.6863281056284904,0.7166666828095913,9300
3,0.6805937215685844,0.7116666831076145,9400
3,0.6981750868260861,0.7016666837036609,9500
3,0.6836680829524994,0.7150000162422657,9600
3,0.6804409317672253,0.7050000168383121,9700
3,0.67828728556633,0.7133333489298821,9800
3,0.6795102328062057,0.7083333492279053,9900
3,0.6836142361164093,0.7066666834056378,10000
3,0.6879245102405548,0.7016666829586029,10100
3,0.6813861884176731,0.7133333504199981,10200
3,0.6723255947232246,0.7216666825115681,10300
3,0.6790921278297901,0.7116666831076145,10400
3,0.6831364870071411,0.7133333496749401,10500
3,0.6904280744493008,0.7083333507180214,10600
3,0.6712933629751205,0.7200000159442425,10700
3,0.6744306802749633,0.7100000165402889,10800
3,0.6936145320534706,0.7016666837036609,10900
3,0.6720501177012921,0.7216666825115681,11000
3,0.6853147923946381,0.7033333502709865,11100
3,0.6772090487182141,0.7183333493769168,11200
3,0.6842623420059681,0.7133333496749401,11300
3,0.6806205607950687,0.7000000171363354,11400
3,0.67554140239954,0.7283333487808704,11500
3,0.6656970240175724,0.7316666819155216,11600
3,0.690332692861557,0.7066666834056378,11700
3,0.6676912173628807,0.7283333487808704,11800
3,0.6669153846800328,0.7316666819155216,11900
3,0.6718770533800125,0.7216666832566261,12000
3,0.6709431327879429,0.705000015348196,12100
3,0.6662788160145283,0.7233333490788937,12200
3,0.6762593500316143,0.7183333493769168,12300
3,0.6808134607970715,0.7166666828095913,12400
3,0.6881813853979111,0.7116666816174984,12500
3,0.6879485532641411,0.7000000171363354,12600
3,0.6768090665340424,0.7150000162422657,12700
3,0.6721052944660186,0.7116666831076145,12800
3,0.6772340960800648,0.7150000154972076,12900
3,0.6898731797933578,0.710000017285347,13000
3,0.6745834924280644,0.7133333489298821,13100
3,0.6761548675596714,0.7333333484828473,13200
3,0.6776708826422692,0.7266666814684868,13300
3,0.6866557754576206,0.7183333486318588,13400
3,0.6906861886382103,0.7050000160932541,13500
3,0.683009784668684,0.7216666832566261,13600
3,0.6866224639117717,0.7133333496749401,13700
3,0.6760478839278221,0.7150000154972076,13800
3,0.6842356495559215,0.7150000162422657,13900
3,0.6849172204732895,0.7066666841506958,14000
3,0.6748976446688175,0.7166666835546494,14100
3,0.6758957177400589,0.7116666838526726,14200
3,0.6853658512234688,0.7066666834056378,14300
3,0.6834720931947231,0.7066666826605796,14400
3,0.6746036238968373,0.7150000154972076,14500
3,0.679077236354351,0.7083333477377891,14600
3,0.68828234821558,0.7033333495259285,14700
3,0.6854503147304059,0.7066666834056378,14800
3,0.6734072707593441,0.7233333490788937,14900
3,0.6832411006093025,0.7150000162422657,15000
3,0.6815166264772415,0.7200000166893006,15100
3,0.6983827523887157,0.7083333499729634,15200
3,0.6907447449862957,0.7000000156462193,15300
3,0.6881026588380337,0.7116666831076145,15400
3,0.689194242656231,0.7150000162422657,15500
3,0.6858721815049649,0.7100000157952309,15600
3,0.6828811332583428,0.7150000162422657,15700
3,0.6890599153935909,0.7083333507180214,15800
3,0.6830743916332722,0.7200000166893006,15900
3,0.6771044790744781,0.7150000162422657,16000
3,0.6695317976176739,0.7200000159442425,16100
3,0.6796078436076641,0.7083333499729634,16200
3,0.6997562952339649,0.7000000171363354,16300
3,0.6830468669533729,0.7100000165402889,16400
3,0.6798050358891488,0.7183333486318588,16500
3,0.6823561944067478,0.7066666826605796,16600
4,0.689272578805685,0.6983333505690098,0
4,0.6955606698989868,0.6983333505690098,100
4,0.6814789898693562,0.7000000163912773,200
4,0.6701352410018444,0.7083333492279053,300
4,0.667866412550211,0.7233333483338356,400
4,0.6714155331254006,0.7166666828095913,500
4,0.6805352739989757,0.7166666820645332,600
4,0.6830757781863213,0.7083333499729634,700
4,0.6754799216985703,0.7216666832566261,800
4,0.68509162068367,0.7116666831076145,900
4,0.6856383010745049,0.7066666834056378,1000
4,0.6843505159020424,0.7166666820645332,1100
4,0.6766858488321305,0.7083333499729634,1200
4,0.6824211619794369,0.7200000159442425,1300
4,0.6888053320348263,0.7066666834056378,1400
4,0.692710529267788,0.7166666828095913,1500
4,0.6902012526988983,0.7066666834056378,1600
4,0.6902775257825852,0.7150000154972076,1700
4,0.6819813452661038,0.7150000162422657,1800
4,0.6886084400117397,0.7050000175833702,1900
4,0.6816219843924045,0.7133333496749401,2000
4,0.6736750528216362,0.7116666831076145,2100
4,0.6658791892230511,0.7216666825115681,2200
4,0.6802857130765915,0.7183333493769168,2300
4,0.6665082946419716,0.718333350121975,2400
4,0.680044686794281,0.7166666828095913,2500
4,0.6716797709465027,0.7250000156462193,2600
4,0.6719346821308136,0.7250000156462193,2700
4,0.6712208248674869,0.7166666828095913,2800
4,0.6770444773137569,0.7150000169873237,2900
4,0.6870719149708748,0.7133333496749401,3000
4,0.6778864912688732,0.718333350121975,3100
4,0.6744765751063824,0.7033333495259285,3200
4,0.6704221352934837,0.7200000166893006,3300
4,0.6808119803667069,0.7166666835546494,3400
4,0.6740173295140266,0.7050000168383121,3500
4,0.6749965988099575,0.7150000162422657,3600
4,0.6905888497829438,0.7050000168383121,3700
4,0.6844844326376915,0.718333350121975,3800
4,0.6903468251228333,0.7100000165402889,3900
4,0.6861452870070934,0.7050000160932541,4000
4,0.6893383413553238,0.710000017285347,4100
4,0.6837862253189086,0.7100000165402889,4200
4,0.6870705291628838,0.7033333502709865,4300
4,0.6821308851242065,0.7050000168383121,4400
4,0.6845567375421524,0.7066666819155216,4500
4,0.6815624587237835,0.7116666823625565,4600
4,0.6778377741575241,0.7150000154972076,4700
4,0.6832527227699756,0.7183333493769168,4800
4,0.678900097310543,0.7133333504199981,4900
4,0.6787972383201122,0.7200000159442425,5000
4,0.6715983152389526,0.7283333495259285,5100
4,0.6726590596139431,0.7250000156462193,5200
4,0.6775301411747933,0.7166666820645332,5300
4,0.6792715571820735,0.7166666835546494,5400
4,0.6683400310575962,0.7150000162422657,5500
4,0.6667138688266278,0.7216666832566261,5600
4,0.6808643162250518,0.7016666829586029,5700
4,0.6716776378452778,0.7250000156462193,5800
4,0.6705346494913101,0.7133333496749401,5900
4,0.6855747036635875,0.7150000169873237,6000
4,0.7386099852621555,0.685000016540289,6100
4,0.6727685160934925,0.7216666825115681,6200
4,0.67312096580863,0.7283333495259285,6300
4,0.6704307682812214,0.7150000154972076,6400
4,0.6738531194627285,0.7250000156462193,6500
4,0.6623985596001148,0.7216666825115681,6600
4,0.6707987174391746,0.7166666835546494,6700
4,0.6663657143712044,0.7150000162422657,6800
4,0.6713232919573784,0.7100000157952309,6900
4,0.6889348372817039,0.7083333492279053,7000
4,0.6842310301959514,0.7033333502709865,7100
4,0.674350356310606,0.7166666820645332,7200
4,0.6769105732440949,0.7116666838526726,7300
4,0.6736007176339627,0.7250000156462193,7400
4,0.6819167740643024,0.718333350121975,7500
4,0.6691139318048954,0.7183333493769168,7600
4,0.661877566576004,0.7200000159442425,7700
4,0.6691206030547618,0.7266666822135448,7800
4,0.6619263894855976,0.7166666828095913,7900
4,0.6716485545039177,0.7200000159442425,8000
4,0.6657804019749165,0.7250000163912773,8100
4,0.677292387187481,0.7033333495259285,8200
4,0.6771045982837677,0.7183333486318588,8300
4,0.6746392495930195,0.7083333499729634,8400
4,0.6777668938040733,0.7116666831076145,8500
4,0.673669746518135,0.7066666826605796,8600
4,0.6801932148635388,0.7100000165402889,8700
4,0.7028014898300171,0.7050000160932541,8800
4,0.6800292551517486,0.7100000165402889,8900
4,0.6664214938879013,0.713333348184824,9000
4,0.6790425263345241,0.7150000162422657,9100
4,0.6745772309601307,0.7166666828095913,9200
4,0.6731669329106807,0.7166666828095913,9300
4,0.6819614551961422,0.7066666834056378,9400
4,0.6714105300605298,0.7133333496749401,9500
4,0.6764637254178524,0.7116666838526726,9600
4,0.6590334497392177,0.72166668176651,9700
4,0.6642893582582474,0.7150000154972076,9800
4,0.6918832443654537,0.7033333510160447,9900
4,0.6828385412693023,0.7033333510160447,10000
4,0.6919692866504192,0.693333350867033,10100
4,0.670807185024023,0.7150000154972076,10200
4,0.6632047012448311,0.7183333493769168,10300
4,0.6755825079977512,0.7133333504199981,10400
4,0.6680236257612705,0.7200000159442425,10500
4,0.6629724204540253,0.7216666825115681,10600
4,0.6645021975040436,0.7200000159442425,10700
4,0.679985648393631,0.7100000165402889,10800
4,0.6767372332513333,0.7133333496749401,10900
4,0.6637688733637332,0.7183333486318588,11000
4,0.6692439794540406,0.7116666838526726,11100
4,0.6662014558911323,0.7050000168383121,11200
4,0.6662694483995437,0.7133333489298821,11300
4,0.6758241169154644,0.7066666841506958,11400
4,0.6755166403949261,0.7050000168383121,11500
4,0.6666375689208508,0.7150000162422657,11600
4,0.6688502602279186,0.7083333499729634,11700
4,0.6647162847220898,0.7150000162422657,11800
4,0.6654810138046742,0.7166666835546494,11900
4,0.6705216147005558,0.7133333496749401,12000
4,0.6714627243578434,0.7100000165402889,12100
4,0.6746944978833198,0.718333350121975,12200
4,0.6712861225008965,0.7166666828095913,12300
4,0.6727243475615978,0.7166666813194752,12400
4,0.6681620098650456,0.7116666838526726,12500
4,0.6617464452981949,0.7150000169873237,12600
4,0.6665676586329937,0.7166666828095913,12700
4,0.6710166208446026,0.7116666838526726,12800
4,0.6613825693726539,0.7183333493769168,12900
4,0.6737468011677266,0.7116666831076145,13000
4,0.663229263573885,0.7150000169873237,13100
4,0.6757350914180279,0.7050000168383121,13200
4,0.6716841652989387,0.7083333507180214,13300
4,0.6747568301856518,0.7050000160932541,13400
4,0.6784738376736641,0.7116666838526726,13500
4,0.6783515714108944,0.6966666840016842,13600
4,0.6764632605016232,0.7100000165402889,13700
4,0.6668154954910278,0.7200000159442425,13800
4,0.6617875888943672,0.7233333490788937,13900
4,0.6621282637119293,0.7116666831076145,14000
4,0.6665084779262542,0.7133333504199981,14100
4,0.6586978442966938,0.7166666835546494,14200
4,0.6707792893052101,0.7066666841506958,14300
4,0.6632952131330967,0.7266666829586029,14400
4,0.6614687368273735,0.7283333487808704,14500
4,0.6697438403964042,0.7133333496749401,14600
4,0.6671231038868427,0.7133333504199981,14700
4,0.6572872348129749,0.7250000156462193,14800
4,0.6564317338168622,0.7133333496749401,14900
4,0.6591402500867843,0.7166666828095913,15000
4,0.6745361968874931,0.7150000162422657,15100
4,0.6655980393290519,0.7033333495259285,15200
4,0.6706304386258125,0.7133333496749401,15300
4,0.6639318570494652,0.7250000163912773,15400
4,0.6719055593013763,0.718333350121975,15500
4,0.6566942773759366,0.7283333487808704,15600
4,0.6511354312300682,0.730000015348196,15700
4,0.6813583120703697,0.7066666834056378,15800
4,0.6650036819279194,0.7216666832566261,15900
4,0.6590746596455574,0.7250000163912773,16000
4,0.6593362957239151,0.7233333490788937,16100
4,0.6628053680062294,0.7166666828095913,16200
4,0.65984126329422,0.7283333487808704,16300
4,0.6604875780642032,0.7183333493769168,16400
4,0.6607614003121853,0.7183333493769168,16500
4,0.6707200907170773,0.7133333489298821,16600
5,0.662012217193842,0.7200000159442425,0
5,0.6640010461211204,0.7200000151991844,100
5,0.6721197932958602,0.7233333498239517,200
5,0.6672130115330219,0.7216666825115681,300
5,0.6751952074468136,0.7183333493769168,400
5,0.6562838293612003,0.7316666819155216,500
5,0.6802490748465061,0.7083333507180214,600
5,0.6604876391589641,0.7166666828095913,700
5,0.657939313352108,0.7283333487808704,800
5,0.6634055733680725,0.7233333490788937,900
5,0.6535747155547142,0.730000015348196,1000
5,0.6526154555380345,0.738333348184824,1100
5,0.6558238446712494,0.7333333484828473,1200
5,0.6650144666433334,0.7283333487808704,1300
5,0.652149336785078,0.7266666822135448,1400
5,0.6524102337658405,0.7333333484828473,1500
5,0.6540265545248986,0.7433333478868007,1600
5,0.6499249562621117,0.7266666822135448,1700
5,0.6644444197416306,0.7183333493769168,1800
5,0.6456364020705223,0.7416666813194752,1900
5,0.6612494722008705,0.730000014603138,2000
5,0.662514478713274,0.7216666825115681,2100
5,0.656734823435545,0.7333333484828473,2200
5,0.655013020336628,0.730000015348196,2300
5,0.6649826191365719,0.7216666832566261,2400
5,0.657661184668541,0.7266666822135448,2500
5,0.6612253412604332,0.7250000163912773,2600
5,0.6577705331146717,0.7283333480358124,2700
5,0.6604383960366249,0.7316666819155216,2800
5,0.6602074474096298,0.7416666813194752,2900
5,0.6558800928294659,0.7316666819155216,3000
5,0.6598158553242683,0.730000016093254,3100
5,0.6533711537718773,0.7333333492279053,3200
5,0.64724185988307,0.738333348184824,3300
5,0.6520104326307774,0.7266666829586029,3400
5,0.646830553561449,0.7366666816174984,3500
5,0.6461210608482361,0.7433333486318588,3600
5,0.6553621143102646,0.7200000166893006,3700
5,0.6541402615606785,0.7350000157952309,3800
5,0.6526226505637169,0.7250000156462193,3900
5,0.6621499799191952,0.7366666816174984,4000
5,0.6482425756752491,0.7433333478868007,4100
5,0.6508982345461846,0.7183333493769168,4200
5,0.6561829604208469,0.7266666829586029,4300
5,0.6624353200197219,0.7133333496749401,4400
5,0.6534477412700653,0.7316666811704635,4500
5,0.656045114248991,0.7216666825115681,4600
5,0.6642259910702706,0.7100000165402889,4700
5,0.6595955319702625,0.7250000163912773,4800
5,0.6664310202002526,0.7250000163912773,4900
5,0.6636916190385819,0.7183333493769168,5000
5,0.6570079162716865,0.7283333487808704,5100
5,0.6674804598093033,0.7183333493769168,5200
5,0.6575695306062699,0.7266666822135448,5300
5,0.661528917402029,0.730000015348196,5400
5,0.6617428168654442,0.7283333487808704,5500
5,0.6740088321268558,0.7283333480358124,5600
5,0.6622940219938755,0.7116666816174984,5700
5,0.6525214888155461,0.7200000159442425,5800
5,0.6586227469146252,0.7200000159442425,5900
5,0.6588227570056915,0.7266666822135448,6000
5,0.6707455784082412,0.7250000156462193,6100
5,0.6536792315542698,0.7283333487808704,6200
5,0.6707352854311466,0.7166666828095913,6300
5,0.6563081845641137,0.7216666825115681,6400
5,0.6558820448815823,0.72166668176651,6500
5,0.656391765922308,0.7250000149011612,6600
5,0.6631592310965061,0.7200000159442425,6700
5,0.666832261532545,0.7266666814684868,6800
5,0.6590078875422478,0.7266666814684868,6900
5,0.6522327966988086,0.7366666808724404,7000
5,0.6580953910946846,0.7250000149011612,7100
5,0.6529580794274807,0.7133333489298821,7200
5,0.6674229800701141,0.7216666825115681,7300
5,0.6517606645822525,0.7333333484828473,7400
5,0.6549121595919132,0.7333333484828473,7500
5,0.6509737767279148,0.7350000150501728,7600
5,0.6530133426189423,0.7350000150501728,7700
5,0.6564884632825851,0.7316666819155216,7800
5,0.6603001937270164,0.7200000159442425,7900
5,0.6584171615540981,0.7233333490788937,8000
5,0.6535178855061531,0.7216666825115681,8100
5,0.6537961423397064,0.7150000154972076,8200
5,0.652156674861908,0.7400000147521496,8300
5,0.6665341831743717,0.7083333499729634,8400
5,0.6507349200546741,0.7316666819155216,8500
5,0.6531468868255615,0.7183333493769168,8600
5,0.662230983376503,0.7233333498239517,8700
5,0.6600473761558533,0.7250000163912773,8800
5,0.6543684169650078,0.730000015348196,8900
5,0.6624252378940583,0.7200000159442425,9000
5,0.6575655855238438,0.718333350121975,9100
5,0.6572308905422688,0.7266666829586029,9200
5,0.6525737389922142,0.7250000156462193,9300
5,0.6523387037217617,0.7366666808724404,9400
5,0.6603083997964859,0.7200000144541263,9500
5,0.6627147048711777,0.7233333483338356,9600
5,0.6583306059241295,0.7233333490788937,9700
5,0.6667559549212456,0.7216666832566261,9800
5,0.6614509850740433,0.7216666810214519,9900
5,0.6614446587860584,0.7233333498239517,10000
5,0.656302598118782,0.7266666822135448,10100
5,0.6524842001497746,0.7316666811704635,10200
5,0.6582976639270782,0.7266666829586029,10300
5,0.6504044622182846,0.7183333493769168,10400
5,0.6569344751536846,0.72166668176651,10500
5,0.6615475095808506,0.7183333493769168,10600
5,0.661182401329279,0.7316666811704635,10700
5,0.6706209607422352,0.718333350121975,10800
5,0.6619776576757431,0.7266666822135448,10900
5,0.6678633816540241,0.7150000169873237,11000
5,0.6570963203907013,0.7250000156462193,11100
5,0.6686717920005322,0.7233333498239517,11200
