0,1.0709576725959777,0.44166667964309453,0
0,1.0632052809000014,0.5033333472907543,100
0,1.051181623339653,0.42000001240521667,200
0,1.0404891878366471,0.42333334535360334,300
0,1.0449839636683464,0.41166667733341455,400
0,1.0374074503779411,0.41000001337379216,500
0,1.0305107265710831,0.5083333477377892,600
0,1.0184443473815918,0.45500001329928635,700
0,1.0149210825562478,0.46333334818482397,800
0,0.9992576196789742,0.535000016540289,900
0,0.9929251372814178,0.5300000168383121,1000
0,1.0035367637872696,0.44666668102145196,1100
0,0.9782078295946122,0.5516666829586029,1200
0,0.9868412554264069,0.49000001400709153,1300
0,0.9757990166544914,0.5366666831076146,1400
0,0.9621014013886452,0.5566666834056377,1500
0,0.9713465601205826,0.551666684448719,1600
0,0.971846342086792,0.5483333505690098,1700
0,0.9737330690026283,0.5450000166893005,1800
0,0.9426579505205155,0.5616666845977306,1900
0,0.944442979991436,0.5633333496749401,2000
0,0.960600134730339,0.49000001437962054,2100
0,0.9537092328071595,0.5533333495259285,2200
0,0.935109680891037,0.5666666850447655,2300
0,0.9335508361458779,0.560000018030405,2400
0,0.928219948709011,0.5616666838526726,2500
0,0.951917114853859,0.49166668206453323,2600
0,0.9400974854826927,0.5650000177323818,2700
0,0.9262372866272927,0.568333350867033,2800
0,0.924031512439251,0.5666666850447655,2900
0,0.9465555280447007,0.49666668213903903,3000
0,0.9407724365592003,0.5333333499729633,3100
0,0.926799276471138,0.5750000171363354,3200
0,0.941203311085701,0.488333348184824,3300
0,0.9238344773650169,0.5716666847467422,3400
0,0.9037129044532776,0.5666666828095913,3500
0,0.903599014878273,0.5800000175833702,3600
0,0.9109503909945488,0.5783333510160447,3700
0,0.907262621819973,0.5800000175833702,3800
0,0.9037841200828552,0.5816666841506958,3900
0,0.9067928299307824,0.5866666845977306,4000
0,0.9145830303430558,0.5866666838526726,4100
0,0.9060497879981995,0.5850000187754631,4200
0,0.9095321327447892,0.5850000195205212,4300
0,0.9232932820916175,0.5833333514630794,4400
0,0.8966361820697785,0.5800000183284283,4500
0,0.8948224946856499,0.585000017285347,4600
0,0.8946246907114983,0.5866666845977306,4700
0,0.9135206162929534,0.585000017285347,4800
0,0.9238506719470024,0.5800000175833702,4900
0,0.8966622307896615,0.5833333507180214,5000
0,0.8811790034174919,0.5866666853427887,5100
0,0.8900832250714302,0.5866666853427887,5200
0,0.8771077021956444,0.5816666848957539,5300
0,0.9040545523166656,0.5850000187754631,5400
0,0.8793050512671471,0.585000017285347,5500
0,0.8826789930462837,0.5883333526551724,5600
0,0.8741243422031403,0.5900000177323819,5700
0,0.89670070707798,0.5833333514630794,5800
0,0.8860763266682625,0.585000018030405,5900
0,0.8911454007029533,0.5833333514630794,6000
0,0.8748337969183921,0.5883333511650563,6100
0,0.8883836224675179,0.5866666838526726,6200
0,0.8728857964277268,0.5883333519101143,6300
0,0.88736013174057,0.5816666848957539,6400
0,0.8734888181090354,0.5916666850447655,6500
0,0.8862989589571952,0.5883333504199981,6600
0,0.8912443876266479,0.5816666841506958,6700
0,0.874702513217926,0.5966666862368584,6800
0,0.8719560712575912,0.5800000190734863,6900
0,0.8676136285066605,0.593333350867033,7000
0,0.8657366886734963,0.5933333523571491,7100
0,0.8681716978549957,0.5916666850447655,7200
0,0.8741449177265167,0.5850000165402889,7300
0,0.8802891552448273,0.5950000181794166,7400
0,0.8609320148825645,0.5933333523571491,7500
0,0.8546201035380363,0.5933333516120911,7600
0,0.861791056394577,0.5983333520591259,7700
0,0.8554655402898789,0.6033333532512188,7800
0,0.8681813955307007,0.5966666862368584,7900
0,0.8479459539055825,0.6050000190734863,8000
0,0.861271719634533,0.6016666866838932,8100
0,0.8497562512755394,0.6016666866838932,8200
0,0.8467344120144844,0.6016666859388351,8300
0,0.8481212049722672,0.598333352804184,8400
0,0.8574222877621651,0.5916666857898235,8500
0,0.8486138269305229,0.5966666862368584,8600
0,0.8742185905575752,0.6000000193715096,8700
0,0.8505247503519058,0.6033333532512188,8800
0,0.852041894197464,0.5933333531022071,8900
0,0.8484393864870071,0.598333352804184,9000
0,0.8568962216377258,0.6000000193715096,9100
0,0.8441995620727539,0.598333353549242,9200
0,0.8331404134631157,0.5983333520591259,9300
0,0.8431315064430237,0.5966666854918004,9400
0,0.8378689706325531,0.5966666862368584,9500
0,0.8450266182422638,0.5883333534002304,9600
0,0.8708176963031292,0.6016666859388351,9700
0,0.8463121309876442,0.5816666834056378,9800
0,0.8450432226061821,0.6033333539962769,9900
0,0.8411114886403084,0.5950000166893006,10000
0,0.8413804978132248,0.6033333532512188,10100
0,0.8393366277217865,0.6033333532512188,10200
0,0.8345516830682754,0.6016666866838932,10300
0,0.8437592148780823,0.6066666878759861,10400
0,0.8447317644953728,0.6016666859388351,10500
0,0.8378234431147575,0.598333352804184,10600
0,0.8327121376991272,0.6000000201165676,10700
0,0.8317315027117729,0.6016666874289512,10800
0,0.827984806895256,0.6016666866838932,10900
0,0.8510531559586525,0.598333352804184,11000
0,0.8258603855967521,0.6050000213086605,11100
0,0.8311637341976166,0.6000000208616256,11200
0,0.829790361225605,0.6083333544433117,11300
0,0.8292899623513221,0.6050000205636025,11400
0,0.8251589968800545,0.6066666871309281,11500
0,0.8353782922029496,0.60666668638587,11600
0,0.8360416099429131,0.6016666859388351,11700
0,0.832475183904171,0.6083333544433117,11800
0,0.8245395019650459,0.6050000205636025,11900
0,0.8314565762877464,0.6083333536982536,12000
0,0.8303363874554635,0.60666668638587,12100
0,0.8295656025409699,0.6016666874289512,12200
0,0.8243015661835671,0.6033333525061607,12300
0,0.8184900254011154,0.6083333529531956,12400
0,0.8348095625638962,0.6100000202655792,12500
0,0.823385065048933,0.6066666848957538,12600
0,0.8304037302732468,0.6033333525061607,12700
0,0.8305895566940308,0.6000000193715096,12800
0,0.8261496037244797,0.6016666851937771,12900
0,0.8255589827895164,0.6033333532512188,13000
0,0.8354695156216622,0.6016666859388351,13100
0,0.822583869099617,0.6066666871309281,13200
0,0.8364345759153367,0.5916666850447655,13300
0,0.8239792615175248,0.6050000198185443,13400
0,0.8260938107967377,0.6066666871309281,13500
0,0.8249630734324456,0.6050000198185443,13600
0,0.8166953787207604,0.6066666871309281,13700
0,0.8193829163908959,0.6066666871309281,13800
0,0.8391941547393799,0.6050000198185443,13900
0,0.8208160057663918,0.6100000210106373,14000
0,0.8410718515515327,0.60666668638587,14100
0,0.8301731660962105,0.6033333525061607,14200
0,0.8282038420438766,0.5983333520591259,14300
0,0.8265642926096917,0.6066666871309281,14400
0,0.8371440425515175,0.6100000195205212,14500
0,0.8256977006793023,0.6083333529531956,14600
0,0.8272564813494683,0.6033333532512188,14700
0,0.8324431464076042,0.6066666856408119,14800
0,0.8264731332659722,0.6066666871309281,14900
0,0.8225999101996422,0.6083333536982536,15000
0,0.8227177038788795,0.6083333529531956,15100
0,0.8161928996443748,0.6066666871309281,15200
0,0.817120623588562,0.6016666859388351,15300
0,0.8195182025432587,0.60666668638587,15400
0,0.8249176055192947,0.6050000190734863,15500
0,0.8152307480573654,0.6083333536982536,15600
0,0.8186262086033821,0.6100000210106373,15700
0,0.834262739121914,0.6050000198185443,15800
0,0.8144335269927978,0.6100000202655792,15900
0,0.8287536919116973,0.6050000198185443,16000
0,0.8133109107613563,0.6133333534002304,16100
0,0.8160801902413368,0.6066666871309281,16200
0,0.8356345653533935,0.6016666866838932,16300
0,0.8227101430296898,0.6066666871309281,16400
0,0.8211495324969291,0.6033333525061607,16500
0,0.82266695946455,0.6050000198185443,16600
1,0.8202510237693786,0.6050000190734863,0
1,1.0022573605179788,0.3833333447575569,100
1,0.8153450593352318,0.6050000198185443,200
1,0.8160690575838089,0.6100000210106373,300
1,0.8229378744959831,0.6083333536982536,400
1,0.8192432522773743,0.6116666868329048,500
1,0.821094386279583,0.6066666856408119,600
1,0.8148648768663407,0.6050000190734863,700
1,0.8122352078557015,0.6100000210106373,800
1,0.81665448397398,0.6083333544433117,900
1,0.8147317558526993,0.6133333541452884,1000
1,0.8078979298472404,0.6100000195205212,1100
1,0.8259916335344315,0.6000000208616256,1200
1,0.8216660186648369,0.6033333539962769,1300
1,0.8260945588350296,0.6083333536982536,1400
1,0.8244192242622376,0.6033333539962769,1500
1,0.8319702446460724,0.6050000205636025,1600
1,0.81367526948452,0.6116666868329048,1700
1,0.8182463899254799,0.6133333534002304,1800
1,0.8276890441775322,0.6066666871309281,1900
1,0.8226191833615303,0.6033333532512188,2000
1,0.8187203735113144,0.6083333536982536,2100
1,0.8163849011063575,0.6066666871309281,2200
1,0.8276233121752739,0.6050000213086605,2300
1,0.8201511055231094,0.6016666866838932,2400
1,0.813074316084385,0.6116666868329048,2500
1,0.8095606446266175,0.6133333541452884,2600
1,0.8228787310421467,0.6050000205636025,2700
1,0.8159668952226639,0.60666668638587,2800
1,0.8190536707639694,0.6016666866838932,2900
1,0.8228612318634987,0.6033333539962769,3000
1,0.8119693294167518,0.6066666856408119,3100
1,0.8082444965839386,0.615000019967556,3200
1,0.8153614655137063,0.6100000195205212,3300
1,0.810015307366848,0.6150000192224979,3400
1,0.8097796991467476,0.6050000205636025,3500
1,0.8425614684820175,0.6083333536982536,3600
1,0.8116060592234134,0.615000019967556,3700
1,0.8060628026723862,0.6116666853427887,3800
1,0.8251107528805732,0.6033333532512188,3900
1,0.8109446637332439,0.6133333519101143,4000
1,0.8116727352142334,0.6100000195205212,4100
1,0.8110987618565559,0.6100000202655792,4200
1,0.8098771795630455,0.6116666875779628,4300
1,0.81248959004879,0.6050000198185443,4400
1,0.8141407907009125,0.6033333532512188,4500
1,0.8128543004393578,0.6133333534002304,4600
1,0.8134905368089675,0.6100000202655792,4700
1,0.8094804957509041,0.6150000207126141,4800
1,0.8073625311255455,0.6083333529531956,4900
1,0.8143295451998711,0.6100000195205212,5000
1,0.8169556960463524,0.6050000168383122,5100
1,0.8203566059470176,0.6083333522081376,5200
1,0.8077267453074455,0.6133333526551723,5300
1,0.8070725336670875,0.6116666860878468,5400
1,0.8063491582870483,0.6133333541452884,5500
1,0.8064631938934326,0.6116666860878468,5600
1,0.8070857837796211,0.6116666860878468,5700
1,0.8109237298369407,0.6133333526551723,5800
1,0.8127369418740272,0.6083333522081376,5900
1,0.8112166106700898,0.6133333519101143,6000
1,0.8080461204051972,0.6150000192224979,6100
1,0.8045146942138672,0.6116666860878468,6200
1,0.8033665388822555,0.6116666860878468,6300
1,0.8017557241022587,0.6133333526551723,6400
1,0.8038325175642967,0.6116666868329048,6500
1,0.801824389398098,0.6100000195205212,6600
1,0.7985104694962502,0.6150000192224979,6700
1,0.8057684555649758,0.6116666860878468,6800
1,0.8138554215431213,0.6083333529531956,6900
1,0.8038243219256401,0.6133333519101143,7000
1,0.8099113523960113,0.6133333534002304,7100
1,0.8095733195543289,0.6033333510160446,7200
1,0.8054948464035988,0.6133333519101143,7300
1,0.8045401409268379,0.615000019967556,7400
1,0.8049496367573739,0.6116666860878468,7500
1,0.8028659075498581,0.6133333526551723,7600
1,0.8045824840664864,0.6100000187754631,7700
1,0.8027015268802643,0.6100000187754631,7800
1,0.8024932816624641,0.6116666860878468,7900
1,0.8035020358860493,0.6133333526551723,8000
1,0.8052075758576394,0.6116666853427887,8100
1,0.8021029382944107,0.6100000187754631,8200
1,0.8016643211245537,0.6133333526551723,8300
1,0.8176821693778038,0.6100000195205212,8400
1,0.8067008264362812,0.6116666860878468,8500
1,0.8038761720061303,0.6133333526551723,8600
1,0.8028284713625908,0.6133333534002304,8700
1,0.8078050538897514,0.6116666860878468,8800
1,0.8047508671879768,0.6083333522081376,8900
1,0.8004683181643486,0.6133333534002304,9000
1,0.801586888730526,0.6133333526551723,9100
1,0.8047062799334526,0.6116666860878468,9200
1,0.7940797001123429,0.6183333523571491,9300
1,0.8202229604125023,0.6050000190734863,9400
1,0.805540657043457,0.6166666857898235,9500
1,0.8029645442962646,0.6133333519101143,9600
1,0.8083090983331204,0.6100000187754631,9700
1,0.803940498828888,0.6116666860878468,9800
1,0.8040331944823265,0.6050000205636025,9900
1,0.8025479942560196,0.6083333529531956,10000
1,0.8017262667417526,0.6050000183284283,10100
1,0.8048214748501777,0.6116666860878468,10200
1,0.8002081871032715,0.6150000192224979,10300
1,0.8130496472120285,0.6083333529531956,10400
1,0.8068602964282036,0.6066666856408119,10500
1,0.7994709685444832,0.6083333536982536,10600
1,0.8021349504590034,0.6133333526551723,10700
1,0.7982621163129806,0.6133333534002304,10800
1,0.796710254251957,0.615000019967556,10900
1,0.805985027551651,0.6100000202655792,11000
1,0.803906163573265,0.6116666860878468,11100
1,0.8061642169952392,0.6083333529531956,11200
1,0.8342782706022263,0.6066666856408119,11300
1,0.7998013496398926,0.6083333529531956,11400
1,0.8063073858618737,0.6100000210106373,11500
1,0.8040043823421001,0.6116666875779628,11600
1,0.8054606199264527,0.6100000195205212,11700
1,0.7958267197012902,0.6183333531022072,11800
1,0.7975995972752571,0.615000019967556,11900
1,0.8061605244874954,0.615000019967556,12000
1,0.8019075356423855,0.6166666865348815,12100
1,0.7999968886375427,0.6133333534002304,12200
1,0.8003547474741936,0.6133333534002304,12300
1,0.7971703290939331,0.615000019967556,12400
1,0.7989865511655807,0.6166666865348815,12500
1,0.8023452535271645,0.6166666865348815,12600
1,0.7922646649181843,0.6183333538472653,12700
1,0.7999459370970726,0.6250000186264515,12800
1,0.8040538027882576,0.6116666875779628,12900
1,0.8034143447875977,0.6133333541452884,13000
1,0.8018991902470589,0.6150000207126141,13100
1,0.8086277082562446,0.6183333538472653,13200
1,0.8114542186260223,0.6083333522081376,13300
1,0.8002204418182373,0.6133333534002304,13400
1,0.8024186849594116,0.6150000207126141,13500
1,0.8063881605863571,0.6050000190734863,13600
1,0.8116728827357292,0.6066666871309281,13700
1,0.7980588868260383,0.6183333538472653,13800
1,0.7986003637313843,0.6166666865348815,13900
1,0.8005959182977677,0.6166666865348815,14000
1,0.7994138643145561,0.6166666865348815,14100
1,0.7994191735982895,0.6183333531022072,14200
1,0.7993791401386261,0.6166666865348815,14300
1,0.8059581443667412,0.6166666865348815,14400
1,0.8001127868890763,0.6166666865348815,14500
1,0.80168297290802,0.615000019967556,14600
1,0.7970808193087577,0.6166666865348815,14700
1,0.8009764403104782,0.615000019967556,14800
1,0.8008479803800583,0.6216666869819164,14900
1,0.7953766971826554,0.6166666865348815,15000
1,0.7932309582829475,0.6200000204145908,15100
1,0.8026007011532783,0.6166666872799397,15200
1,0.8040735080838204,0.6116666868329048,15300
1,0.8087879106402397,0.6116666853427887,15400
1,0.8058375053107738,0.6133333526551723,15500
1,0.8030690103769302,0.6133333526551723,15600
1,0.7998398497700692,0.615000019967556,15700
1,0.8038400143384934,0.6133333526551723,15800
1,0.8179926410317421,0.6083333522081376,15900
1,0.8044550105929374,0.6133333526551723,16000
1,0.8010868534445763,0.6116666860878468,16100
1,0.8034996047616005,0.6100000195205212,16200
1,0.7988128066062927,0.6200000196695328,16300
1,0.8069871962070465,0.6133333526551723,16400
1,0.8010176077485085,0.6216666869819164,16500
1,0.8029826626181602,0.615000019967556,16600
2,0.8115412563085556,0.6100000195205212,0
2,0.7970373213291169,0.6100000195205212,100
2,0.808161199092865,0.6066666856408119,200
2,0.8088420465588569,0.6100000187754631,300
2,0.8079948619008064,0.6083333529531956,400
2,0.7951870456337928,0.6183333538472653,500
2,0.7946341782808304,0.6183333531022072,600
2,0.7992452397942543,0.6133333526551723,700
2,0.7922039732336998,0.6200000189244748,800
2,0.8021910510957241,0.6150000192224979,900
2,0.7904831178486347,0.6216666862368584,1000
2,0.7958539053797722,0.6166666865348815,1100
2,0.7911213040351868,0.6166666865348815,1200
2,0.7961640521883965,0.6116666860878468,1300
2,0.7966224417090416,0.6150000192224979,1400
2,0.7951033160090446,0.6166666865348815,1500
2,0.7941130518913269,0.6116666860878468,1600
2,0.7961703464388847,0.6116666860878468,1700
2,0.8009353592991829,0.6166666857898235,1800
2,0.800883200764656,0.6100000187754631,1900
2,0.795856611430645,0.6166666857898235,2000
2,0.8072367146611213,0.6150000184774399,2100
2,0.7999039053916931,0.6100000187754631,2200
2,0.7977604866027832,0.6116666860878468,2300
2,0.8018948882818222,0.6100000195205212,2400
2,0.7957590565085411,0.6116666853427887,2500
2,0.7952158346772193,0.6183333531022072,2600
2,0.8021622858941555,0.6166666865348815,2700
2,0.7992761820554733,0.6116666853427887,2800
2,0.7985146269202232,0.6216666854918003,2900
2,0.7978976964950562,0.6116666853427887,3000
2,0.7940388485789299,0.6216666854918003,3100
2,0.7932394489645958,0.6200000189244748,3200
2,0.8012781411409378,0.6183333531022072,3300
2,0.8072824597358703,0.6116666845977307,3400
2,0.8009610518813133,0.6283333517611027,3500
2,0.7963004603981971,0.6200000196695328,3600
2,0.7953916519880295,0.6216666854918003,3700
2,0.7960048168897629,0.6216666862368584,3800
2,0.7983801648020744,0.6150000192224979,3900
2,0.797132870554924,0.6166666865348815,4000
2,0.7992093116044998,0.6133333526551723,4100
2,0.802657424658537,0.6100000195205212,4200
2,0.7936104953289032,0.6183333531022072,4300
2,0.7891829863190651,0.6200000204145908,4400
2,0.79304309040308,0.6216666854918003,4500
2,0.7980077780783177,0.6133333519101143,4600
2,0.7975604891777038,0.6166666865348815,4700
2,0.7970300823450088,0.6200000196695328,4800
2,0.7954625368118287,0.6183333523571491,4900
2,0.8018016941845417,0.6183333531022072,5000
2,0.7924619197845459,0.6183333523571491,5100
2,0.7918414086103439,0.6166666865348815,5200
2,0.8031135454773903,0.6166666850447655,5300
2,0.7934291586279869,0.6183333531022072,5400
2,0.8013677410781384,0.6100000195205212,5500
2,0.7984306380152703,0.6100000195205212,5600
2,0.7927453801035881,0.6183333523571491,5700
2,0.804448764026165,0.6233333520591259,5800
2,0.7962797708809376,0.6150000192224979,5900
2,0.8182888060808182,0.6116666860878468,6000
2,0.7886534132063389,0.6266666851937771,6100
2,0.7980382792651654,0.6200000189244748,6200
2,0.8014260709285737,0.6116666845977307,6300
2,0.7880820974707603,0.6250000193715095,6400
2,0.7919542469084263,0.6216666847467422,6500
2,0.7890849687159062,0.6200000181794166,6600
2,0.8019846305251122,0.6083333492279053,6700
2,0.7917100869119167,0.6200000174343586,6800
2,0.7888356111943722,0.6216666840016842,6900
2,0.7917822040617466,0.618333350121975,7000
2,0.8101830944418907,0.6116666838526725,7100
2,0.7903123036026954,0.6200000166893005,7200
2,0.8676253221929073,0.6133333504199981,7300
2,0.8161391474306583,0.6333333514630795,7400
2,0.7985933572053909,0.618333350867033,7500
2,0.7983532801270485,0.618333350867033,7600
2,0.7882332935929298,0.626666683703661,7700
2,0.7904400125145912,0.626666683703661,7800
2,0.7907451845705509,0.626666684448719,7900
2,0.8040154561400413,0.6116666823625565,8000
2,0.7969082318246364,0.6200000166893005,8100
2,0.7991442993283272,0.6216666832566261,8200
2,0.7961881101131439,0.6216666840016842,8300
2,0.8136751756072045,0.6150000169873238,8400
2,0.7899886012077332,0.6200000174343586,8500
2,0.8190470837056637,0.6200000166893005,8600
2,0.8370357044041157,0.6166666842997074,8700
2,0.7873944863677025,0.626666684448719,8800
2,0.8104315005242825,0.6316666841506958,8900
2,0.7728401474654675,0.643333350867033,9000
2,0.820120270550251,0.6250000171363354,9100
2,0.7869203418493271,0.6233333483338356,9200
2,0.7786961063742638,0.626666683703661,9300
2,0.7856788910925389,0.626666683703661,9400
2,0.7831580854952336,0.6283333510160446,9500
2,0.7836933545768261,0.6283333502709866,9600
2,0.785511489212513,0.6333333499729633,9700
2,0.8042136028409004,0.6250000163912773,9800
2,0.8050058841705322,0.610000017285347,9900
2,0.7879326067864895,0.6250000171363354,10000
2,0.7926148198544979,0.618333350867033,10100
2,0.7920201577246189,0.6233333505690097,10200
2,0.7907685875892639,0.6233333505690097,10300
2,0.8043697319924832,0.6200000166893005,10400
2,0.8009150743484497,0.6200000174343586,10500
2,0.7877135902643204,0.6233333498239517,10600
2,0.8175123818218708,0.6150000169873238,10700
2,0.7939063861966134,0.6200000174343586,10800
2,0.8216408774256706,0.6116666838526725,10900
2,0.8171321973204613,0.6116666838526725,11000
2,0.7916230022907257,0.6250000171363354,11100
2,0.7860369741916656,0.6233333505690097,11200
2,0.8054482251405716,0.6250000171363354,11300
2,0.7915021762251854,0.626666683703661,11400
2,0.78808014690876,0.6283333517611027,11500
2,0.7965776115655899,0.6166666835546494,11600
2,0.7932301104068756,0.618333350867033,11700
2,0.8096439361572265,0.6233333505690097,11800
2,0.7949725419282914,0.6300000168383122,11900
2,0.7996608257293701,0.610000017285347,12000
2,0.7822569385170937,0.6316666848957538,12100
2,0.8045792564749717,0.6166666835546494,12200
2,0.7863098874688148,0.6250000171363354,12300
2,0.7850967407226562,0.6316666848957538,12400
2,0.7790935851633549,0.6300000168383122,12500
2,0.7842237286269664,0.626666684448719,12600
2,0.7947982624173164,0.6216666825115681,12700
2,0.794206689298153,0.6166666842997074,12800
2,0.7905887871980667,0.6250000171363354,12900
2,0.7990697577595711,0.6250000163912773,13000
2,0.7979349017143249,0.6216666832566261,13100
2,0.7850225582718849,0.6233333498239517,13200
2,0.8050455302000046,0.618333350121975,13300
2,0.7805952146649361,0.6200000174343586,13400
2,0.7966576643288136,0.6150000169873238,13500
2,0.7870880424976349,0.6233333505690097,13600
2,0.7977190136909484,0.6216666832566261,13700
2,0.7935683965682984,0.618333350867033,13800
2,0.7941427946090698,0.6166666835546494,13900
2,0.7887244433164596,0.6283333510160446,14000
2,0.7994399294257164,0.6150000162422657,14100
2,0.8016825802624226,0.618333350121975,14200
2,0.8046506538987159,0.6133333504199981,14300
2,0.783554396033287,0.6283333502709866,14400
2,0.7792021401226521,0.6250000171363354,14500
2,0.8235620193183422,0.6050000138580799,14600
2,0.8106605321168899,0.6166666835546494,14700
2,0.7774253129959107,0.6383333511650562,14800
2,0.8019208759069443,0.613333348929882,14900
2,0.7927565753459931,0.6250000163912773,15000
2,0.8025512143969535,0.6233333498239517,15100
2,0.7850981429219246,0.6333333522081375,15200
2,0.7988224841654301,0.626666682958603,15300
2,0.8054170697927475,0.6150000169873238,15400
2,0.7921740531921386,0.6283333502709866,15500
2,0.7968518607318401,0.626666683703661,15600
2,0.8000897072255612,0.6116666845977307,15700
2,0.7873070873320103,0.6250000171363354,15800
2,0.7871201351284981,0.6333333492279053,15900
2,0.8012570336461067,0.6200000166893005,16000
2,0.8107384204864502,0.6150000169873238,16100
2,0.7874304607510567,0.6333333492279053,16200
2,0.7977975405752659,0.6316666848957538,16300
2,0.7944868974387645,0.618333350121975,16400
2,0.7878147840499878,0.6216666832566261,16500
2,0.7972772270441055,0.618333350121975,16600
3,0.799773783236742,0.6216666832566261,0
3,0.7882767856121063,0.6233333505690097,100
3,0.783904817700386,0.6216666832566261,200
3,0.8052890710532665,0.6200000166893005,300
3,0.8058186903595924,0.6116666838526725,400
3,0.7883035823702812,0.6216666832566261,500
3,0.7908029884099961,0.626666683703661,600
3,0.7903939291834832,0.626666682958603,700
3,0.7809098497033119,0.6250000171363354,800
3,0.7795711651444435,0.6266666859388351,900
3,0.7943675845861435,0.6200000166893005,1000
3,0.7914953544735909,0.6250000171363354,1100
3,0.7889534160494804,0.6216666847467422,1200
3,0.797087387740612,0.6233333505690097,1300
3,0.7709968507289886,0.6333333507180214,1400
3,0.7738294705748558,0.6350000172853469,1500
3,0.7804389148950577,0.6366666845977307,1600
3,0.790426354110241,0.6283333502709866,1700
3,0.8272595666348934,0.6116666823625565,1800
3,0.7851408958435059,0.626666683703661,1900
3,0.7802490010857582,0.6283333510160446,2000
3,0.7764940559864044,0.6350000165402889,2100
3,0.7971502475440502,0.6200000174343586,2200
3,0.788631659001112,0.6283333502709866,2300
3,0.8133660532534123,0.610000017285347,2400
3,0.8025365471839905,0.6150000162422657,2500
3,0.8199180588126183,0.618333350121975,2600
3,0.7820969223976135,0.6333333507180214,2700
3,0.7788856722414493,0.6283333502709866,2800
3,0.7836611472070217,0.6250000171363354,2900
3,0.7954543806612492,0.6300000183284282,3000
3,0.7850288279354573,0.6283333517611027,3100
3,0.7875400438904763,0.618333350867033,3200
3,0.7961753144860267,0.6216666832566261,3300
3,0.7962232060730458,0.6150000169873238,3400
3,0.8123889297246933,0.6100000165402889,3500
3,0.7870536200702191,0.6250000171363354,3600
3,0.8048148661851883,0.6216666832566261,3700
3,0.7776602752506733,0.6316666834056377,3800
3,0.7922778613865376,0.618333350121975,3900
3,0.7864607833325863,0.6250000171363354,4000
3,0.7845813386142254,0.6250000171363354,4100
3,0.7996577136218548,0.6216666840016842,4200
3,0.7782794363796711,0.6316666834056377,4300
3,0.7699950978159904,0.6283333517611027,4400
3,0.7807366095483304,0.626666683703661,4500
3,0.7846779212355613,0.6166666828095912,4600
3,0.7946515902876854,0.6100000165402889,4700
3,0.8002289861440659,0.6166666828095912,4800
3,0.8071012690663337,0.6250000171363354,4900
3,0.7824658267199993,0.6300000175833702,5000
3,0.7794340819120407,0.6250000163912773,5100
3,0.7921522028744221,0.618333350867033,5200
3,0.7749291896820069,0.6316666841506958,5300
3,0.7805842578411102,0.6333333499729633,5400
3,0.7900878608226776,0.626666683703661,5500
3,0.775498716533184,0.626666683703661,5600
3,0.7819809772074222,0.6316666834056377,5700
3,0.7831233859062194,0.618333350121975,5800
3,0.7811113819479942,0.618333350867033,5900
3,0.7975524462759495,0.6216666840016842,6000
3,0.7877903148531914,0.6183333493769169,6100
3,0.7751769483089447,0.6350000172853469,6200
3,0.7757291838526725,0.6283333495259285,6300
3,0.7763887032866478,0.6316666834056377,6400
3,0.7901565834879876,0.6200000174343586,6500
3,0.7781753823161125,0.6216666840016842,6600
3,0.7798753306269646,0.6233333498239517,6700
3,0.7873397193849087,0.6233333490788937,6800
3,0.7914956144988536,0.6216666832566261,6900
3,0.7877918988466263,0.6200000174343586,7000
3,0.7751732379198074,0.6250000163912773,7100
3,0.776368024200201,0.6233333498239517,7200
3,0.7827368155121803,0.6233333498239517,7300
3,0.7830257259309292,0.6283333495259285,7400
3,0.7766760103404522,0.6366666838526726,7500
3,0.769987839460373,0.6383333496749402,7600
3,0.7735284827649593,0.626666683703661,7700
3,0.7746713906526566,0.6333333507180214,7800
3,0.7799234122037888,0.6233333498239517,7900
3,0.7953322477638721,0.6300000175833702,8000
3,0.7879693247377872,0.6250000186264515,8100
3,0.7961797721683979,0.626666684448719,8200
3,0.7864221766591072,0.626666682958603,8300
3,0.7812482662498951,0.6283333502709866,8400
3,0.776276434212923,0.6233333505690097,8500
3,0.7862039923667907,0.6316666841506958,8600
3,0.7740829601883888,0.6333333507180214,8700
3,0.7869352273643017,0.6216666832566261,8800
3,0.7676350057125092,0.6366666845977307,8900
3,0.7727436631917953,0.6316666848957538,9000
3,0.7866078354418278,0.6300000175833702,9100
3,0.7809516251087188,0.6333333499729633,9200
3,0.7831057526171208,0.6316666841506958,9300
3,0.780282673984766,0.6300000183284282,9400
3,0.782952056825161,0.6316666848957538,9500
3,0.786072040349245,0.6283333517611027,9600
3,0.7788206316530705,0.6316666848957538,9700
3,0.7887667790055275,0.618333351612091,9800
3,0.7845913358032703,0.6233333498239517,9900
3,0.7927439466118813,0.618333350121975,10000
3,0.7924034096300602,0.6216666832566261,10100
3,0.7784473039209843,0.6250000171363354,10200
3,0.7829407699406147,0.6283333517611027,10300
3,0.7834163650870323,0.6316666834056377,10400
3,0.7779128521680831,0.6250000178813935,10500
3,0.783737774938345,0.6300000175833702,10600
3,0.7828378640115261,0.6250000171363354,10700
3,0.7789425350725651,0.626666683703661,10800
3,0.7784576825797558,0.6300000168383122,10900
3,0.7834982492029667,0.626666683703661,11000
3,0.7771421685814858,0.6333333499729633,11100
3,0.7840422548353672,0.6233333505690097,11200
3,0.7765426650643349,0.6283333510160446,11300
3,0.7803062103688717,0.626666684448719,11400
3,0.785693809390068,0.626666684448719,11500
3,0.7799704596400261,0.6350000172853469,11600
3,0.77823002114892,0.6300000168383122,11700
3,0.7938418090343475,0.6250000171363354,11800
3,0.7770315542817116,0.6350000172853469,11900
3,0.7807095170021057,0.6333333507180214,12000
3,0.7874608255922795,0.6283333502709866,12100
3,0.7862656399607658,0.626666683703661,12200
3,0.7884860567748546,0.6150000162422657,12300
3,0.7803031265735626,0.6283333502709866,12400
3,0.7881645008921623,0.6250000163912773,12500
3,0.7902016937732697,0.618333350121975,12600
3,0.7804558150470257,0.6250000171363354,12700
3,0.7783693037927151,0.6300000168383122,12800
3,0.7933983623981475,0.6150000169873238,12900
3,0.7822140164673328,0.6200000166893005,13000
3,0.783117251843214,0.6250000178813935,13100
3,0.7798674300312995,0.6316666848957538,13200
3,0.7927449814975261,0.6233333498239517,13300
3,0.781207463145256,0.6250000171363354,13400
3,0.7757085718214511,0.6300000175833702,13500
3,0.7879722863435745,0.6300000175833702,13600
3,0.7770843960344791,0.6300000168383122,13700
3,0.7774564951658249,0.6283333502709866,13800
3,0.7731870755553245,0.6350000172853469,13900
3,0.7893963061273098,0.6200000174343586,14000
3,0.7827947653830052,0.6333333499729633,14100
3,0.7996520794928074,0.6133333496749401,14200
3,0.8051802918314934,0.6116666831076145,14300
3,0.7704402409493923,0.6283333502709866,14400
3,0.8035636238753796,0.6050000175833702,14500
3,0.7809537269175053,0.6333333507180214,14600
3,0.7824134886264801,0.6316666834056377,14700
3,0.7773638717830181,0.6200000174343586,14800
3,0.7823316588997841,0.626666684448719,14900
3,0.7916919827461243,0.6100000165402889,15000
3,0.800820241868496,0.6200000174343586,15100
3,0.7904841296374798,0.6300000168383122,15200
3,0.7958113484084606,0.6250000171363354,15300
3,0.7798492811620236,0.626666684448719,15400
3,0.7789396613836288,0.6283333495259285,15500
3,0.7912621200084686,0.6216666832566261,15600
3,0.788341972976923,0.6216666832566261,15700
3,0.8028718076646328,0.6166666828095912,15800
3,0.7833587855100632,0.6300000175833702,15900
3,0.7721321329474449,0.6300000175833702,16000
3,0.7687750995159149,0.6383333519101143,16100
3,0.7764061510562896,0.6350000172853469,16200
3,0.7920888185501098,0.618333351612091,16300
3,0.8074897319078446,0.6333333514630795,16400
3,0.778866109251976,0.6300000183284282,16500
3,0.7883951157331467,0.6233333513140679,16600
4,0.7965285167098045,0.6150000177323818,0
4,0.7799394473433494,0.6233333513140679,100
4,0.7804433599114418,0.6383333511650562,200
4,0.7735908702015877,0.6366666845977307,300
4,0.7775348708033561,0.6383333496749402,400
4,0.8000909082591534,0.6366666838526726,500
4,0.7712970778346062,0.6366666853427887,600
4,0.794200599193573,0.6200000166893005,700
4,0.7700956158339978,0.6300000183284282,800
4,0.7713571071624756,0.6350000165402889,900
4,0.7801343612372875,0.6350000172853469,1000
4,0.7779563747346401,0.6283333502709866,1100
4,0.7803053222596645,0.6233333505690097,1200
4,0.776224871724844,0.626666683703661,1300
4,0.7806066401302815,0.6350000172853469,1400
4,0.7711626134812832,0.6416666835546494,1500
4,0.7766801312565803,0.6316666834056377,1600
4,0.7817679964005947,0.6433333501219749,1700
4,0.7811575949192047,0.6300000168383122,1800
4,0.7816492140293121,0.6283333495259285,1900
4,0.777307653427124,0.6400000162422657,2000
4,0.789869250357151,0.6300000175833702,2100
4,0.7829278245568275,0.6300000168383122,2200
4,0.7779006473720074,0.6333333499729633,2300
4,0.7779509156942368,0.6350000165402889,2400
4,0.7750330656766892,0.6400000169873238,2500
4,0.7726085990667343,0.6500000163912774,2600
4,0.7804547443985939,0.6333333507180214,2700
4,0.7835108622908592,0.6300000168383122,2800
4,0.7784616410732269,0.643333350867033,2900
4,0.7835967838764191,0.6350000172853469,3000
4,0.7873368680477142,0.6366666838526726,3100
4,0.780001362413168,0.6366666838526726,3200
4,0.7767928965389729,0.626666682958603,3300
4,0.7977556578814984,0.6316666834056377,3400
4,0.7927071116864681,0.626666682958603,3500
4,0.7722882173955441,0.6466666832566261,3600
4,0.779371128231287,0.6350000172853469,3700
4,0.7793849535286427,0.6466666840016841,3800
4,0.791995507478714,0.6333333499729633,3900
4,0.7774828776717186,0.6300000160932541,4000
4,0.7768476463854312,0.6383333496749402,4100
4,0.7723783001303672,0.6366666838526726,4200
4,0.7785670787096024,0.6316666841506958,4300
4,0.8022731900215149,0.6166666828095912,4400
4,0.7816495016217232,0.6233333498239517,4500
4,0.7735269270837307,0.6333333499729633,4600
4,0.7832414209842682,0.6300000168383122,4700
4,0.7897309884428978,0.6216666840016842,4800
4,0.7830833971500397,0.6283333502709866,4900
4,0.7842227809131146,0.6316666834056377,5000
4,0.776666159927845,0.6383333496749402,5100
4,0.7889048643410206,0.6316666834056377,5200
4,0.7808176890015602,0.6316666841506958,5300
4,0.779708057641983,0.6316666834056377,5400
4,0.780457865446806,0.6283333510160446,5500
4,0.7898274011909961,0.6350000172853469,5600
4,0.8195535764098167,0.6066666834056378,5700
4,0.7884934179484844,0.6316666841506958,5800
4,0.7776428610086441,0.643333350867033,5900
4,0.7925709329545498,0.626666682958603,6000
4,0.7803411699831486,0.6300000175833702,6100
4,0.7895501606166363,0.6316666834056377,6200
4,0.7851017042994499,0.6366666831076145,6300
4,0.7905969098210335,0.6350000172853469,6400
4,0.8136079162359238,0.6333333499729633,6500
4,0.8025268957018852,0.6250000171363354,6600
4,0.7870192609727382,0.6366666838526726,6700
4,0.7916235350072384,0.6316666834056377,6800
4,0.7849158629775047,0.6366666838526726,6900
4,0.7819167114794254,0.6383333504199982,7000
4,0.7874719202518463,0.6350000157952309,7100
4,0.7702184751629829,0.643333350867033,7200
4,0.7940793305635452,0.6283333487808704,7300
4,0.7752435214817524,0.6366666853427887,7400
4,0.788701381534338,0.6383333496749402,7500
4,0.7954890668392182,0.6250000156462192,7600
4,0.7755701132118702,0.6400000169873238,7700
4,0.7879662819206714,0.643333350867033,7800
4,0.7829599551856518,0.6333333507180214,7900
4,0.7842595137655735,0.6366666838526726,8000
4,0.7829218253493309,0.6366666838526726,8100
4,0.7906241431832314,0.6283333502709866,8200
4,0.7764212295413018,0.6383333504199982,8300
4,0.7807571098208428,0.6283333495259285,8400
4,0.7876331001520157,0.6350000157952309,8500
4,0.781891618669033,0.6350000172853469,8600
4,0.7915171265602112,0.6300000168383122,8700
4,0.7717338755726815,0.6500000171363354,8800
4,0.7728779442608357,0.6466666832566261,8900
4,0.7809440724551677,0.6383333504199982,9000
4,0.7792231723666191,0.6433333493769169,9100
