0.36479592806939976
0.42287022001395774
0.4408693411881684
0.4488049585468813
0.45299404201712734
0.4539912972597066
0.4544641649350552
0.454803658369069
0.4553401723962014
0.4562373997606298
0.45619799566003405
0.4560737179789241
0.45598884431887177
0.45633439908248724
0.45672239083338567
0.4569648826181008
0.45736803191716063
0.45694366770311584
0.4571164435125381
0.45707400721181646
0.45690123053081616
0.4567254220770869
0.4570376319424166
0.4571315989691456
0.457240720405727
0.45708006994042044
0.45711947233017375
0.4573589376567849
0.4577408644663035
0.4576135550020406
0.4577196444668811
0.45794698389558147
0.4579287996326796
0.45793789164396
0.4580621694224731
0.45807126245530083
0.45805610486100024
0.45797426354933407
0.45801670056876975
0.45803792020633727
0.45813794711858585
0.4580712602854032
0.45808035481004905
0.4581318855466828
0.45808944639484633
0.45807126296353684
0.45818038388093124
0.4581440111267527
0.45812279308144616
0.45817432272661235
0.4580924805484046
0.4582016033498272
0.4582410093930624
0.45813794817220954
0.45823797770834895
0.4582258515710537
0.45817432288778515
0.4581440116249743
0.4581955407827384
0.4581743208147882
0.45820766421727516
0.4581743209379927
0.4582137263534236
0.45817432307285627
0.45823797700596886
0.45826222499943786
0.4581894766358878
0.4582864747104919
0.45819250913967163
0.4582682886631798
0.4582652587639886
0.45829253952939025
0.4583107245791183
0.45831375733568835
0.4582349466599686
0.4583380039955995
0.4583289125176595
0.4583349758071717
0.4583743798526497
0.45833800412558673
0.458322849200246
0.45841984835882543
0.45835316074094457
0.45832891016294974
0.4583046621212649
0.4583137573976961
0.45834103692518213
0.45841984686925874
0.45836831695252256
0.45839559851215106
0.45846228294720515
0.45838044091032487
0.4584077227267615
0.4584440970957988
0.4584107540869798
0.4584319726466473
0.4584289410427925
0.4584683466771827
0.4584531913379986
0.4583834735013936
0.45834406697640273
0.45838650388352226
0.4583440688107766
0.45828041346125736
0.4582864752293994
0.45835922533109874
0.4584501592723852
0.45845925465114745
0.4585592823050912
0.4584865324940425
0.4584531906540518
0.45848653287007735
0.45850168899282445
0.45853806174962025
0.4584956258986725
0.45849259594040015
0.4584956280663208
0.4584592527956448
0.45852897122084035
0.45845925140927085
0.458507750629319
0.45841681673026163
0.45848350261909193
0.4584289411224402
0.4584683465398077
0.4583895361024138
0.45842893902088017
0.4584713768718207
0.4585107823804069
0.4585441240343445
0.4585320019447383
0.45864415320860774
0.45853503226697523
0.4585107849737294
0.4584713783190223
0.45861384321154025
0.4585744390350823
0.45855928097778714
0.45847440769547615
0.4585047212842678
0.4586108100966938
0.4585562506890716
0.45849865684844326
0.45847743831720505
0.4584471295712587
0.4584774401676023
0.45840469033872205
0.4585016888721679
0.45845925368930185
0.4586532494814672
0.4585168452334049
0.4585471585718624
0.4585107827416005
0.45853503070229973
0.4585016903365947
0.4584168168428116
0.45849259486346744
0.4585410962550607
0.4585683734319308
0.4585804992356246
0.4585835312617315
0.4585956546584295
0.4586593109219204
0.4585956552582088
0.4585441256040757
0.45856534311133473
0.4584471291327667
0.4583470997782435
0.45865931140124927
0.45861687487180797
0.45858656075383886
0.45870174636788924
0.4587017482954811
0.4586320310316846
0.4586017170794547
0.45872599585125456
0.45873811858935487
0.4587805578315539
0.4587350887552782
0.45864415556708255
0.4587169032205603
0.45870477744599425
0.4588169333858787
0.45876843278156965
0.45883511932390764
0.4587411525744511
0.45882602379949944
0.45881693263182866
0.4587563070006486
0.458771464893373
0.45880177533669786
0.4588108706742875
0.45877146396999224
0.4588593698583984
0.4588290545825192
0.45889271171980556
0.4589412092289481
0.4588502758229412
0.45898364681131776
0.4589684890982161
0.4589018025220698
0.4589018037389694
0.4589260534682468
0.4589412086443897
0.458953335133693
0.45900789703731015
0.4589745512359615
0.45895030325079983
0.4590654895240834
0.45894423991844596
0.45897758482835826
0.45900789772137796
0.4590503325996015
0.45912004976159915
0.4590473005790192
0.4591927976572132
0.4590533618534792
0.4590624531341619
0.4590594251920239
0.4591230799806366
0.4589988022348933
0.45914732889722104
0.4591564230712079
0.4590927690168885
0.45909579945669254
0.4591533911378437
0.45911701764528456
0.45897758538945893
0.45909276867864907
0.4591109557187047
0.45901699020467157
0.4591109557315063
0.45903820824314767
0.459353450516828
0.4593867926250686
0.4591715806894158
0.4594989454757702
0.45931707430140906
0.4591746114804557
0.45941104371325886
0.45965959837936454
0.45980509483445137
0.45982934568690254
0.4600930590655142
0.46000212308804084
0.45967778679024607
0.4598687483214977
0.4601991475910797
0.4603173655633428
0.45975962728672554
0.4610448448067554
0.4616813940285351
0.4604416411441771
0.4612570294782905
0.46270290106493517
0.46283627304830854
0.46265440021278276
0.46370318824007056
0.46256346481192456
0.4615995537502921
0.4621542567541444
0.46237856418190665
0.46222700548754936
0.46173595560401276
0.4616056104021366
0.46247556174031645
0.4626634930432838
0.4629666104041015
0.4641669579818446
0.4638032158634172
0.4656492055465276
0.46636456021419775
0.4656522321589891
0.4644882599305904
0.4637729063240304
0.46380624662507103
0.46448522937459796
0.4633515714917136
0.46468225889511694
0.4633242910799478
0.46350919245171524
0.4651005595460062
0.4644306707878328
0.4642245487997718
0.46462466445099815
0.46427607910260965
0.4644943282520828
0.4642791125145093
0.4638486834085727
0.46379109092138165
0.4640093378176022
0.4630454224195784
0.4647550055188132
0.4645488868274769
0.46464588235687077
0.4645306982846976
0.4638032159803121
0.465376397050721
0.46588563361556046
0.4661190346125244
0.46559161261003884
0.4641184583383437
0.46398508735010685
0.4642245497568825
0.4647156011889488
0.4647459113716865
0.4641790819419609
0.4645731342703172
0.4652551521567902
0.4664979299441886
0.46547036430151734
0.4657613561681146
0.46579772855931395
0.46588866552038344
0.46699807540787563
0.4663645613415016
0.4657249820740464
0.4654158028392533
0.4659492883058494
0.4652460569247046
0.46493990803645985
0.4663524347480662
0.4671011361533238
0.4688289053182889
0.4695836681017745
0.4695836679218702
0.46872584690504715
0.46835907162927576
0.4706021438048571
0.4721541056294497
0.4715933372769071
0.472154104756058
0.47141752933166686
0.47257543759268156
0.471896457139046
0.47121747041583845
0.47239659905318027
0.4703626784570551
0.4721268219968981
0.47230263138049183
0.47306952095524885
0.47216926057929587
0.4731998603043298
0.4724572218529419
0.4731058930054295
0.47261787497855545
0.4746578556901119
0.47365756845958357
0.4745032663126028
0.4742425838849612
0.47408496304368375
0.47356056996855544
0.4737545652805235
0.4743335203953327
0.47317864153776895
0.47349085260049767
0.47345144929371186
0.47383034570236265
0.47402130878832915
0.474945819012422
0.4733787010897892
0.47145087330699176
0.47321198545082976
0.4725239083458385
0.47248450407738
0.47344538442772105
0.472593626683654
0.47538230713916513
0.47468210452842996
0.4739697780715375
0.474821537926081
0.47565814502052484
0.47648565476339555
0.4761370732964546
0.4765341524486588
0.4755035537553306
0.47797093090974224
0.4770615796030559
0.4775617195258217
0.47698883075286896
0.4765220291119518
0.476488685260997
0.47806489827546866
0.47767387678402745
0.47629772237221163
0.47738894685124755
0.47878631798346694
0.4779588038872105
0.4803958718618181
0.4796107971230204
0.4777435925361761
0.4793349610854199
0.47849835654717077
0.4793288986078923
0.4776344702711692
0.4779830579574778
0.48042315246409134
0.4787287251892688
0.4787044766030335
0.48085054754226214
0.4783316403529381
0.480474679668097
0.48198117549482167
0.481008168796398
0.47986844683323215
0.48156590513511593
0.4797866049317854
0.4807535520695203
0.47967141985408146
0.47796486782287523
0.4788105672771692
0.4789924356932115
0.48010487837041366
0.4794077063060163
0.4809717954126085
0.48024734543680114
0.48125672402828845
0.4818659901070166
0.4816416865235737
0.48292690363938773
0.48357557544080454
0.483654386684642
0.4825661930009553
0.48297843274952973
0.4831330248259419
0.4844303648127128
0.48376956909366026
0.48416968531959337
0.48416058924636607
0.48532153287560975
0.485727710996719
0.4866188749360904
0.484281838223239
0.4846213323200655
0.48602173471921095
0.48531547005055925
0.4864309429588489
0.48601870317919893
0.4848001707937344
0.4816174339784955
0.48505781877511694
0.4856367742500735
0.48775253418389636
0.486482472611459
0.4869613987482305
0.4848001687123009
0.48875282052996677
0.4875282277655268
0.48735545051136536
0.48763128820649726
0.48627635143420944
0.4870159600012875
0.4870674898938302
0.48684924485960557
0.48710992395881453
0.4868492457609789
0.48679165139976605
0.48737969953618226
0.4860096063410961
0.4868037736164638
0.48593383005197416
0.4878313475649047
0.48750094570450664
0.48745244813704164
0.4879798719932686
0.48809505919859036
0.48840423750468337
0.4878495338079421
0.4901805064890789
0.49114442021790655
0.49116563799942026
0.4902835673805554
0.4904260303447366
0.4902714431889755
0.49029265836198993
0.4916991252899242
0.4923872006586109
0.490547278381482
0.4926539467432982
0.4932723046022576
0.49148997427974345
0.4912565732568304
0.4928903796881642
0.4919840567859247
0.49313893266716324
0.4929934390460955
0.4923235483823842
0.49260544764346237
0.4922204873671925
0.4935542073917274
0.4950849479135965
0.49314802751014875
0.4932995871585453
0.49301768654789135
0.4931904629374011
0.4930176860653612
0.492290203874641
0.489428776230246
0.4890013783119542
0.4902684104608634
0.4880799018217075
0.4901289757363561
0.49129294845750426
0.4912626358499882
0.49032600406939614
0.49146875569338044
0.4908716131854879
0.49201436818944155
0.49164456461307593
0.49197496064742957
0.49355420506552833
0.49289947076598734
0.4928055044203358
0.49434837473078214
0.495024324279536
0.49534563031391143
0.49444234139102894
0.49708249453679415
0.494751519680184
0.49307830951942705
0.49260847699761245
0.49500613864495724
0.4930722482364585
0.49618829564636574
0.49493642193750464
0.4970067152439526
0.4965580998538192
0.4974765467378782
0.4948970162023044
0.49566087095091665
0.4944605265021102
0.49640350951113693
0.4982313080241111
0.4978645357882954
0.49906791265838746
0.49886179281662124
0.4984677393598657
0.497494732657919
0.49896485331902024
0.4983343665948087
0.4994680294557414
0.49961655587953885
0.499468029671735
0.5000075784144973
0.5012897643364219
0.49847077145865154
0.49860111371673477
0.49904063247518327
0.49949530931089015
0.5001227646305938
0.49959230856898446
0.5003319136882959
0.5014837605019304
0.5005198461726841
0.5010836471018452
0.5007835597097959
0.5013018915364189
0.5021324318083958
0.5017141286296548
0.5028417304188247
0.5002743211205251
0.5016716924356299
0.5011503303503669
0.5027386661937665
0.4993346543312416
0.5010472714357599
0.501789910703131
0.5027022930267384
0.504466436352451
0.5041784744524598
0.5035722398242658
0.503690456306726
0.5043724693281046
0.504611934410646
0.504330034548562
0.5029872222574715
0.5043118482430571
0.5037207686708767
0.504233036587784
0.5049908272232436
0.5054212575058641
0.5035570849530346
0.5035752727575762
0.5012079223947304
0.5046816544970292
0.5037359223517945
0.504081478386481
0.5032297177848355
0.5042269760551921
0.5051151094651862
0.506033554703051
0.5052393869407718
0.5035995212926361
0.5036813631826101
0.5058122796079771
0.5044876554439282
0.5057031586862677
0.5039087016580754
0.5059880877936017
0.5055061305932957
0.505639501610666
0.5068610673085815
0.5045452480226748
0.5050332670841904
0.5012503583789498
0.5028690104805269
0.5063397043292173
0.5067428508085509
0.5066791951978842
0.5068883461927078
0.5066367581352779
0.5039662938823886
0.5061396461306347
0.5062275517734107
0.5052302937474584
0.5075976401546681
0.5066397917203179
0.5083675625165944
0.5083857479956145
0.5067034465329107
0.5072217749905853
0.5097861487061981
0.5090374480751884
0.509795245099712
0.5069701885274966
0.5070277815804626
0.5091405099148775
0.5094800015706425
0.5089586379844456
0.5106742869603287
0.5100438009966566
0.50971037195442
0.510110484718449
0.5113290176861747
0.5108591873466086
0.5115624193771681
0.5082523749172719
0.5094557530052749
0.5086555224098601
0.5094254414673831
0.5098983044912483
0.5097043071905767
0.5109804341803034
0.5116715408465401
0.511571511502709
0.511650323139147
0.5101286728884451
0.5103529809432527
0.5112987065623834
0.511301739465341
0.5120807506412683
0.5123414292487781
0.5114987649120983
0.5116897291449941
0.5112805181702057
0.5097831208261069
0.5104287601658579
0.5115533253220487
0.5095921591802104
0.5119200985522838
0.5107500647644317
0.5103226686177659
0.5099225555915816
0.5104105749760036
0.5099589266589284
0.5104530093686369
0.5092799436659232
0.5101135170897335
0.5104621035578151
0.5115987968194413
0.5103287318092646
0.5108713107923287
0.5101711080118972
0.5101286728154536
0.5113108327964168
0.5106742845245068
0.5110107449076546
0.5112198966756648
0.5104226985456196
0.5114836082337844
0.510592442387328
0.5136296794608237
0.5136842422539301
0.5122747437111402
0.5134235624270188
0.5127991370443588
