0.003728
0.002652
0.002357
0.002311
0.002294
0.002285
0.00228
0.002266
0.002249
0.00224
0.002236
0.002231
0.002232
0.002238
0.002229
0.002223
0.002214
0.002215
0.002211
0.002208
0.002204
0.0022
0.002199
0.002194
0.002192
0.002191
0.002188
0.002185
0.002183
0.002182
1.0798853026290476
1.0798480300327988
1.0796176755969067
1.0794827393163604
1.0794245110545877
1.0791607149043234
1.0789887195594225
1.0789655478596751
1.078824311021918
1.0787466427984334
1.0787050092733956
1.0785180386013846
1.0784017211502246
1.078339303756291
1.0782940096554596
1.0780789405349147
1.0778179512167958
1.0778103824088625
1.0774008416507643
1.0775608438881872
1.0775324308442764
1.0778147241638196
1.0776856216965758
1.0773561278462864
1.0772540304900766
1.076983976172804
1.076864624423265
1.076917323575312
1.076759665310577
1.0764009595970616
1.076395316686467
1.0763185916167597
1.0762556018986313
1.0763475663026243
1.07646418744108
1.0763573012115164
1.0762516929663872
1.0762310521220797
1.076098713071404
1.0759941121186642
1.0761512473827006
1.0758590520776972
1.0757419078482067
1.0755788362168404
1.075438889897648
1.0754749760650728
1.0753592113803476
1.0752477936674878
1.0751790208145946
1.0754538506580662
1.0753214340764552
1.0750535095902076
1.075095726460441
1.0751452826398127
1.074934509902932
1.074920933971939
1.0747805306425497
1.0746333217998816
1.07471883169141
1.0746520202605165
1.0746990820124696
1.074678221403079
1.0745464500242903
1.0746411708980674
1.074550738616468
1.0746417106561077
1.074770679945395
1.074219326050558
1.074323461659598
1.074298992078896
1.0741202573467223
1.0740220080588272
1.0740967163531057
1.0743989599880088
1.0741890889406476
1.074032895204339
1.0742452367400595
1.0741819143593396
1.0740424457598887
1.074067468310282
1.0741001783250412
1.074057300894853
1.0740301161053685
1.0740048601039769
1.073689086496558
1.073841131684187
1.0736887004001792
1.0736015312382332
1.073639171570054
1.0735564894686398
1.0735275804119326
1.0736078935853186
1.0735604995547026
1.0737209957271923
1.073511333288409
1.0732993519226146
1.0733490086686202
1.0732658086930795
1.073236418438692
1.0731553679874408
1.073127193905029
1.0729855159788082
1.0727796177538793
1.0726730215708642
1.0724461317040697
1.0724382973758317
1.0723003472128594
1.0723364649075742
1.0722003458116471
1.0722615911401927
1.0722169539858732
1.0723799315773868
1.072051214301155
1.072142037128185
1.0720045493955737
1.072100712529935
1.0719060463536474
1.0718220019842422
1.0718104083202982
1.072200225506581
1.0721917631167908
1.0722327558654738
1.072257679113938
1.0719637414067453
1.0719170701324707
1.0719728610366395
1.071976093464612
1.071791160413079
1.0717348721636564
1.0715696457007566
1.0713808636549642
1.0715354453214538
1.0715278745712948
1.071358252761562
1.0712688256494545
1.0713510332832257
1.0714620382053968
1.071382451288875
1.071168017050256
1.0711982610031239
1.071091735146742
1.0711409431031336
1.0707746115796222
1.0708976850624767
1.070847483567363
1.0708128434546373
1.0708712301207153
1.0707577404596695
1.070272830169818
1.0702444896657743
1.0703751165542617
1.0701799774008762
1.069984698768593
1.069988753322588
1.0698614504402677
1.0696620592356463
1.0697408399930461
1.0698851199595334
1.0695709290401256
1.0697447723900855
1.0697995387702588
1.0698529808687598
1.070129577030896
1.070116270549827
1.0700888577972603
1.0703590684862765
1.0700954813285186
1.0695821382563242
1.0695602724774418
1.0691688818400114
1.06897208763942
1.0689540120234289
1.0691352122754776
1.0688702324968078
1.068838837233265
1.0686515705751083
1.0686355463332624
1.0685564128134948
1.0687270139340184
1.0688829903217334
1.0687308141693819
1.068725268912083
1.0687926398620329
1.0686904915562776
1.0687439937282677
1.0686783288202373
1.0688023647887888
1.0686957759229956
1.0685719550898036
1.0684356090696594
1.0685121037597949
1.0685060677066078
1.0683104964306138
1.068475984529367
1.0683587388298819
1.0683173977678828
1.0682011708560524
1.0683664430967577
1.0682999590212112
1.068313604849741
1.0681110185936975
1.06804802033881
1.0682491778169285
1.0680571769161586
1.06845769553957
1.0683148590983722
1.0683398695888995
1.0683540295877767
1.0684154635380443
1.068237940799803
1.068331316050011
1.0680872644521149
1.0681092886804706
1.0680927365371942
1.0678867065345177
1.067933398247329
1.0681014702965497
1.0679320860255226
1.0681054741720073
1.0680620920567594
1.068059223750916
1.0680808298361706
1.067936049023907
1.0681533834795875
1.068512567319357
1.0680404739793912
1.0677611849666504
1.0678069970319441
1.067798658741335
1.0678752197155645
1.0677919834023386
1.0675963534304806
1.0677295347521234
1.0678147388334585
1.067576673332901
1.0678327026359744
1.0677269019975921
1.067619530889153
1.0675263019608006
1.0676350364890157
1.06743428181945
1.0672963187610032
1.0677154338104542
1.067384858682531
1.0673453819990046
1.0670863038082765
1.0671580691565306
1.0670363155740485
1.066945788981588
1.06688445467201
1.0670717216011747
1.0671104125641162
1.067261373673693
1.0675322377183618
1.067000298784728
1.066780015217586
1.0667309672689649
1.066660729616637
1.0664905074107744
1.0664564536469192
1.0665514712972826
1.0663321599269653
1.0663691258999959
1.0663887232949
1.0663127367903473
1.0665267195970223
1.0665638956917602
1.0662784509982868
1.0664955966064054
1.0664667737303126
1.0663228102788436
1.0662733077816837
1.0659761422310743
1.0659550091680856
1.0660900751260656
1.0661394235098836
1.065964081416709
1.0658900838414904
1.0656854413105696
1.0657080165663908
1.0656795193970117
1.0656432410395897
1.0657526653966478
1.065759872250518
1.0658728814139875
1.0656484611773596
1.0656494190559167
1.0656721675311591
1.0655315863752088
1.0655626244047485
1.065714335868337
1.0656979209681405
1.065443652134471
1.0652124247359307
1.0651597440124427
1.0654234095819124
1.0653880835473795
1.0653439401248708
1.0653810128751404
1.0651679105967595
1.0651973504230676
1.0653003038716637
1.0654299424383369
1.0653823992628633
1.0652687902678641
1.0653257162447989
1.0653703497630913
1.065283570107711
1.065146294755209
1.0650372924257034
1.0650077212055762
1.0650152614221422
1.06525589194776
1.0649859384907137
1.0648239231138887
1.065041914177321
1.0649442833301863
1.0648772500338959
1.0649197750404766
1.0650907853382459
1.0649102433651663
1.064861605903664
1.0647396257583093
1.0646020635661892
1.0646002103668057
1.0645212982381707
1.064469505518287
1.0644690614713166
1.0644983394605487
1.0647092741700095
1.0646186833486009
1.0645675947080755
1.064735660411187
1.064654041362104
1.0645713813026918
1.0644870426183586
1.0644630808618947
1.0642682815076503
1.0644252596998387
1.0642778876424694
1.064420477421018
1.0642394797024466
1.0640562959638125
1.0641599937816555
1.0642069059822385
1.0641144264142013
1.0639809375659797
1.0636713931051056
1.0637057022716254
1.0638225004687856
1.0635023749661854
1.0637491593432302
1.0632697651321255
1.063587909700134
1.0634924401435621
1.063293877185232
1.0633839550332462
1.0632422100550747
1.0634875648637536
1.0633730509948887
1.063350193167829
1.0633896321360448
1.0633143801089389
1.0631892974614696
1.063457968439862
1.063230863121532
1.0632661776607994
1.0634937744751225
1.063727574554705
1.0634498277819981
1.0635169023844584
1.0636039114482976
1.063562539242937
1.0635098293408973
1.063322288264333
1.0632657249867343
1.0633086438360122
1.0633572197334802
1.0631936721439257
1.063147188204084
1.0629185525023297
1.06315544442437
1.0631586366753738
1.06327399800953
1.0631134749394744
1.0630786728541688
1.0632087572067817
1.0631203417006112
1.0630825674229774
1.0630527198873847
1.0629534688627684
1.062646109992861
1.0628494114396
1.0627909077431386
1.0627510131649354
1.062821437858104
1.062721016416733
1.0627115951772728
1.0629007334633718
1.0629245438617443
1.0628965230344818
1.0628902662225144
1.1790212670012283
1.1390490509048292
1.1163064530629274
1.116098880594377
1.1178914851594246
1.1147100411505566
1.115804027760174
1.1149381383363917
1.1114383090364628
1.1091167563845088
