0.40252276031315615
0.42222621594744275
0.4281378725222096
0.43077285308359964
0.43261113974947274
0.4308751528305287
0.4340557294338274
0.43792450076348965
0.439009492935434
0.44196687139017804
0.4458418427795317
0.4403114832978668
0.4405346816127172
0.443033263466196
0.4466199372904985
0.447122133478125
0.44424535463529924
0.4430549635734908
0.4446576515094937
0.44720273272049715
0.44855122316106955
0.4465238377048861
0.4465920375715869
0.45158920057178753
0.44988421299971937
0.44516294788402305
0.4445057527632177
0.44996481305509295
0.4476398298242187
0.4490410194418022
0.4495618157068778
0.45212239683614347
0.4557493701984842
0.450318210212175
0.4527981919327727
0.4553246734728278
0.4527857920628335
0.4533778875823693
0.45459617878344805
0.45622676674785745
0.4587563485672018
0.45815805284015615
0.4578604550007948
0.4523269955539548
0.4559136693690186
0.45581757007904306
0.45393588341106933
0.4557586704358398
0.45507357549911703
0.45957474228361533
0.4586106495757417
0.45861994894466396
0.46177572645478987
0.46024123753091245
0.4607403341506259
0.45894854711019833
0.4585734498273442
0.4594414435593565
0.4597948406610066
0.4591593454257684
0.46255692057062436
0.46392091062458346
0.46203302447895345
0.4623957222891304
0.4624360211804629
0.46283591858198025
0.46058843454515513
0.4610875314050735
0.46509580247026727
0.4679694806919735
0.46459670553643967
0.4697643676606216
0.46911647255544414
0.465790196942208
0.46773078287460024
0.46666129022365604
0.46648459188532004
0.4683538779073077
0.4676935829229524
0.4671882865022298
0.46810898013186814
0.470995059064231
0.4652725005683983
0.4657715969663841
0.46843757757678767
0.47068196088162945
0.465669297699865
0.4645037062116392
0.46114023054513004
0.4663481929464424
0.46850577703236845
0.46853367701458165
0.46856777634511
0.46995656648077766
0.4748979303896046
0.47639831953949835
0.4719994515503479
0.47150965452128435
0.46449750645682336
0.46414720897851824
0.4668875886884547
0.47053936189229906
0.4710694584594008
0.47239314855034364
0.4707873604736311
0.4735432396214199
0.46981396718657176
0.47712681379466143
0.4813799827369199
0.47789560846553475
0.4812342841611991
0.4849914565874991
0.48077548694094413
0.4837731655896707
0.48174578034597626
0.48216427706737314
0.4802794909793048
0.4750405294528442
0.4696806683606877
0.4688622744317852
0.4731278432439829
0.47460343254313436
0.4771671139701667
0.4827656724824344
0.4820340782990508
0.48513715535723156
0.4870529410231421
0.4870250412996112
0.48778453575160624
0.4894399245275778
0.48989562060934877
0.4899948196612491
0.4900041197507862
0.4872017404601873
0.48819683302306277
0.4865104452512842
0.4827408729458063
0.4795509967241417
0.4825548743978306
0.48837043198749747
0.4844427605804153
0.48719243984404703
0.48696304214392677
0.48860293027178253
0.48947402349779867
0.4900692195830221
0.49009711897396147
0.48915162607561596
0.4914580093583823
0.49288709884731513
0.4914394094010357
0.49279719983875864
0.4939038915729173
0.49110461180403825
0.49468198537250785
0.49048461633924384
0.49745646524445136
0.499790747945873
0.5019328324184124
0.4972270664079769
0.4935070943398255
0.5000511494828543
0.5023296326171117
0.5026117306213587
0.5034022236811374
0.5040749226743482
0.5040098206617903
0.5070756983503585
0.5066231018919325
0.5058636062204354
0.5062294051690963
0.5064774028450404
0.5090224825870981
0.5085078885805132
0.5090782831243209
0.5095525790987679
0.5097075775422981
0.5106840753029951
0.5095804792287996
0.5121627601604845
0.5121565625952292
0.5101291766124426
0.5130834548895225
0.5153867377082264
0.5144784428214116
0.5144536443841833
0.5158207352347962
0.5153495383201363
0.5155138375461027
0.5182852169724611
0.5199654064029378
0.5191966098104247
0.52028160307253
0.5195934046229895
0.5198941050235875
0.5199344041643635
0.515216238838308
0.5167228313091375
0.5147698439639511
0.5153960383520827
0.5180899175866175
0.5198135079892532
0.5213572927806036
0.5220020884564477
0.5223926857037573
0.5215432938784473
0.5207465989574399
0.5221167887292603
0.5222872884306574
0.5243828731299327
0.5255112666712982
0.5279013500485225
0.526813254400715
0.524894369601108
0.5268969543750706
0.5271573542490943
0.5274270481151446
0.5285244430210104
0.5277060492768809
0.5281462449230251
0.5288654392364696
0.5281121458419404
0.528601943212834
0.5294513355924633
0.5280160450553031
0.5284407431852347
0.5269496529423305
0.5286484392259665
0.526444356946586
0.5260103605286546
0.5236326761621748
0.5240635743517978
0.5235644792472234
0.5224329852602728
0.5195469065311603
0.5197949060086416
0.5228111839125773
0.5250493684603776
0.5257468624263223
0.5277122461492373
0.5294203352940061
0.5309765257479309
0.5314973195370476
0.5324583114667446
0.5315190203002866
0.5333449051745809
0.5324459123174203
0.5348762949740006
0.5351676923748857
0.5340672028437858
0.5329388086095214
0.5336177043365088
0.5317081203193379
0.5341881001275346
0.5342190993173533
0.5339184033513087
0.5332984070827516
0.5326660108333914
0.5339370031146436
0.534671696052939
0.5327187120336674
0.5359984870698767
0.5383947703682126
0.5370028798331532
0.5364696831530579
0.5352296947733372
0.5375050788478073
0.540490354374589
0.5396936615322785
0.5435903301741832
0.540995652033291
0.5403291550398887
0.5486618925279797
0.5444862263274131
0.546929005916041
0.5480078017514708
0.548723894372112
0.5510829789752568
0.5519509711182209
0.5522330692610476
0.5530173651713105
0.5529677638623004
0.5474653051204181
0.5434353345022488
0.5484944972909815
0.5521834698921546
0.5500227837346406
0.5504877823911463
0.5521462684253677
0.5519664700202314
0.5500041857728429
0.5480945992612358
0.5482495985362448
0.5532808596705683
0.5503761832568177
0.5529956627451139
0.5549703484976831
0.5545580509028737
0.5552896461671797
0.5580672264847082
0.5597598138172911
0.5549672502693747
0.5613904019387576
0.5597133172498394
0.5579091278727525
0.5590065180669056
0.5576270283441279
0.5592297179985202
0.5596916132992652
0.5607270060838392
0.5627636920175833
0.5629093900944168
0.5632565902498013
0.5603984117893002
0.5612509017043389
0.5616725013288024
0.5611765038982173
0.5611052030731861
0.5587554218854934
0.5550571476704056
0.5517215732056117
0.5519726709114016
0.5535474572484271
0.5520966712737513
0.5537923551716851
0.5594281158898319
0.5632844867767585
0.5629961885742403
0.5605472071243837
0.5608138074738382
0.5624598936658365
0.5639819824056606
0.5670850582351005
0.567435358281751
0.567850754659188
0.5697820412411353
0.5681049519790842
0.5647259772350302
0.5638858845291987
0.5682599495911357
0.5704733348702289
0.5701757387954501
0.5723736230938361
0.57367561276337
0.5748226021878363
0.5760222932283181
0.5734183127806121
0.5739236103007342
0.574549804550286
0.5761679946310665
0.5782852770448256
0.5740197102558928
0.5725813209361051
0.5731052162794452
0.5751512023027264
0.5748350030001181
0.5752038987912896
0.575926194936117
0.5774172837932232
0.5779752805735044
0.5785239786500465
0.5797453662963737
0.5783875780297341
0.5798414652814737
0.5790912717782105
0.5783038776396392
0.5815743538335295
0.5809450603856108
0.5797236676118314
0.5813294560488513
0.580256863460448
0.5818068516374048
0.5811868560617465
0.5809574592577755
0.5749745021258985
0.5760253963069191
0.5771444857399336
0.5802537616290651
0.581437954599015
0.5847022297631554
0.5835583400913752
0.583558340922854
0.5857779239057822
0.5847518310721656
0.587603810304454
0.5871388133109058
0.5883664053128979
0.5872535113664418
0.5871946130166499
0.5866521154155387
0.5877805092340638
0.5893986964046687
0.589476196180753
0.5889306006284929
0.5912090870886652
0.5896280950101769
0.5911873831380909
0.5917887770102972
0.5903689898097008
0.5908401863086212
0.5884160049589505
0.5888593025750575
0.5888376001488609
0.5890421990699225
0.5891165989547409
0.5914260829417746
0.5916275797542936
0.5886454024558204
0.589752092462351
0.5893118994492228
0.588834502197712
0.5862987172791595
0.5871388141423846
0.5879913059975402
0.58820210705699
0.5905797882361347
0.5886640018034159
0.5903286888673874
0.5903100897969514
0.5891661987393734
0.5921452775323784
0.5924645745089762
0.5938471650930782
0.592504872541114
0.5922227774470425
0.590917687747663
0.5915810816624644
0.5917639800974465
0.5924583732020666
0.5945198599288954
0.5935247651764594
0.5941974604280159
0.5928644712915038
0.5935092673830872
0.5937417650483826
0.5942067606561329
0.5941075613640275
0.596029547024959
0.5913423828288392
0.5929078724022426
0.5931744692872025
0.5920181782488213
0.5942935614918128
0.597058741412799
0.5953661536644768
0.5956234510142187
0.5974648397793957
0.599002424926794
0.600710513932983
0.5961039460782986
0.5973098380099505
0.6005307163593254
0.6008035142740352
0.5998673209201464
0.5983669294790668
0.5990241287387884
0.599284524871158
0.6052333790417163
0.6030230983656018
0.6040367916341547
0.6035624933038513
0.6038383922184654
0.6058409760223693
0.6016095097003191
0.6030013984338414
0.6020218064636498
0.6046071840992655
0.6006764136046803
0.6011104116855692
0.60117860901626
0.6036337937131431
0.6032617960905886
0.6057665794634658
0.6046412849818875
0.6052798800437211
0.6044862833510222
0.6072886647387952
0.6072142679027321
0.6064640746766286
0.60264180079209
0.6018234077408594
0.6022574042973706
0.6045296875105164
0.6049481819776821
0.6064268736255811
0.6076668647768975
0.608801456022098
0.607229767220482
0.6078032649814705
0.6062408743292745
0.6073723655446294
0.6093966506660916
0.6101313483160997
0.6102088449048488
0.6073878659710176
0.6097469479411464
0.6083426585339221
0.6073010665211355
0.6090711515511058
0.6089750539518036
0.6077319630478011
0.6064702725190434
0.6085317567514361
0.6071243678686853
0.6105126414550583
0.6111481381500037
0.611913831386756
0.6126609280475086
0.6147162118044706
0.6094803509176067
0.6114581339284259
0.6087053563440991
0.6089812530414366
0.6090060521715639
0.6109249412671444
0.6088603575592251
0.6103018419199862
0.6110985398897488
0.6120688284444884
0.6110985390582702
0.6105591448129195
0.610996238489101
0.613708720535726
0.6130639247213021
0.6138823201283891
0.6152246097701778
0.6137521203992469
0.6130143274311058
0.613528919913313
0.6134514198600692
0.614167516083785
0.6131569231222374
0.612419129738357
0.6118425334719004
0.6133863224206444
0.6141489168747691
0.6171713945612366
0.6180858863204076
0.6180796876465141
0.6179153892520265
0.617747990273374
0.6188701841707875
0.6209130664225687
0.6213749642177498
0.62250955574011
0.6212695648659532
0.6217717594460541
0.620088471787269
0.6205007704907167
0.6184640841412333
0.6215082643924772
0.618321484500578
0.6198001745894544
0.6193847780387925
0.6215702624949552
0.6226397571322096
0.6224692561835945
0.622044559300881
0.6216725620940659
0.6233806495758772
0.6203891726036063
0.6221840595352996
0.6190902787372345
0.6212757650642243
0.6198528749236067
0.6196234745165613
0.6151719095399603
0.6158353044248202
0.6156307066123968
0.6201504739085609
0.6211393659682897
0.6196699761421751
0.6215857630599232
0.6212943662133571
0.6233279478212821
0.6233713485162816
0.6216136618041569
0.6201721731474225
0.6236348473115128
0.6236193463308055
0.623427150577882
0.6249988359150034
0.6266294263923263
0.6250608370662368
0.6240750419875984
0.6211796640697174
0.6264868261280618
0.6236224500330155
0.6236906461857782
0.6239665447539428
0.6236596473424088
0.6231357510290102
0.6269332230118256
0.6264248283720333
0.627261822295237
0.6279531164093599
0.6254390347484827
0.6239696430515411
0.6252127344405729
0.6242827430172027
0.6256932331770172
0.6271037237525712
0.6262543275619978
0.6258327323374425
0.6283127159912284
0.628117413764499
0.6287994110457098
0.626731725229248
0.627633818324124
0.6288738096833101
0.6275780184105102
0.6279624144548451
0.6262915279894363
0.627447818681368
0.6272277218976443
0.6298534024156905
0.6288552115136428
0.6293605079251267
0.6284305126908122
0.629710802151426
0.6275532194882525
0.6293512064497916
0.630485797833572
0.6269115236690294
0.6268929238017596
0.6273486199435818
0.6292613061385852
0.6288459096225684
0.6267658242410429
0.6282879110407499
0.6276617160290093
0.6291125074775867
0.6263752275480524
0.6256808337505333
0.6261086305245127
0.62697352333053
0.6258668324925206
0.6286475111769375
0.6285390111023962
0.628839710810095
0.6301262020626477
0.6297511045488272
0.6314560915157637
0.6305198951131195
0.6295868031748743
0.629741802588463
0.6313382903123367
0.631524289158259
0.6305756989762572
0.628408813244081
0.6314467901790084
0.6311894922749474
0.6306531968815143
0.6318342882279511
0.6320481868228105
0.6334090744263968
0.633864773894134
0.6328851797759557
0.6316730878539023
0.6354395623791463
0.6339825697622391
0.6329750780084654
0.6351202659568678
0.6318094871923516
0.6359541559699918
0.6332199782875798
0.6316110897514242
0.6321845851565563
0.6313041913005419
0.6328262814261638
0.634438269992165
0.631149191332634
0.6331145790743629
0.632959579730064
0.6318249873069353
0.6322279832185399
0.6332013779699257
0.6347265646608986
0.6333253740363021
0.6324387850401786
0.6327890785735791
0.6325720813346718
0.6308329972960576
0.6283375120726005
0.6293109073090155
0.6289885064223381
0.6265178267036785
0.6312793921704145
0.630842295237608
0.6323922820980568
0.6319551848880908
0.6286258104829883
0.6286382108102408
0.6302192006714525
0.6311708936202508
0.6298782012686583
0.6302563974265266
0.6324790839037951
0.6308360949700469
0.6305942973537942
0.6298348027909354
0.6282693147419097
0.629059808078848
0.6332850765584833
0.63178468754255
0.6313599920456344
0.6323643841160118
0.6331951792960322
0.631316590588446
0.6327580806309784
0.6293946047889348
0.6327673832149516
0.6317598886895822
0.6302966971216218
0.6285080118432874
0.6299123006269026
0.6309259941726151
0.63037729810548
0.63089189536869
0.6314188902568465
0.6322930851618078
0.6320047852963322
0.633145579927139
0.6336105724168442
0.6348660670433041
0.6359944576052041
0.6343018676396054
0.6347265646608986
0.6365648521490118
0.6373739477437212
0.6378978423941624
0.6373770452791307
0.6370236511615655
0.6381303416531253
0.6377273436628238
0.6392897341071501
0.6370732490060809
0.6377831434378578
0.6391130341381919
0.6382543415997357
0.6388309372425832
0.6387441394556586
0.6374173485080107
0.6376467445497928
0.6388185365688812
0.6391657363778163
0.6386387369858166
0.6381520422777847
0.6394695307800391
0.6398570294525907
0.6383535413075804
0.6384124402116914
0.6392370346391214
0.6410815208011281
0.6390975370377187
0.6396896308203878
0.6404739231275761
0.6403871238162738
0.6400957284940855
0.641506217406682
0.6409110219312097
0.641543417487671
0.6415310159824903
0.6407436235068764
0.6394261329952151
0.6410908202670562
0.6439427992914749
0.6431120053586727
0.6462925833893433
0.6431802053916693
0.6436328015729357
0.6437815992638756
0.6432856055749447
0.6427896064814023
0.6414969183218483
0.6409947219748551
0.6431895034025097
0.6445286957860484
0.6464816799438997
0.6455330888264844
0.6470985739653345
0.6464816791124209
0.6437629997084103
0.6469869773254422
0.6420735129599924
0.6462491825557639
0.6435956014919467
0.6437164998843338
0.6440822967542978
0.6437196019928763
0.6438250006517741
0.6459949852358677
0.6425013086253335
0.646605678643292
0.644051299573886
0.6417294185162249
0.6453191912016835
0.6443271960633538
0.6435646043808247
0.6467885806813486
0.6427803074312135
0.6435894037188218
0.6472039758115675
0.6462336839309131
0.6443829946604596
0.645368789046199
0.6454586867243894
0.6485307658584468
0.6491724608115462
0.6484191674170171
0.6493708600886559
0.6483633670183742
0.647969669602639
0.6472008768210702
0.6464227811090786
0.6500001536751544
0.6487787638115505
0.6477712737900241
0.6495351597303615
