1.1783661506554433
1.0478629994425581
1.033963923085729
1.024872374879837
1.0191392874243437
1.0199022194311147
1.0160324711970987
1.012135594195864
1.0101891040161948
1.0084506724112199
1.0058551564723646
1.011997389848754
1.00923941797064
1.0072344967322222
1.004043706345893
1.003438013229792
1.0058035682063617
1.0046350549942835
1.0038026044925599
0.999898142908693
1.000896242431229
1.0020947461570464
1.0012049497871738
0.9977199139358832
0.9990989345937963
1.0034786094394392
1.007698728247979
1.0030988404933698
1.0025965478172565
1.0027274995449962
1.0011544018858287
0.9982131709696485
0.9950665753959328
0.9990149870789858
0.9958571655447106
0.9935573378896545
0.9947879110847052
0.9955790111331917
0.9941264222354809
0.993220873464212
0.9903559570327164
0.9897019294855451
0.9896341290843204
0.9939026226598872
0.9911576828804188
0.9924036230587611
0.9933809771871126
0.9924526703442581
0.9918730899098969
0.9877044059502966
0.9887607406536708
0.9913825462498931
0.9886945091604132
0.9890310222920317
0.9889646064137475
0.9911230526969179
0.9905083442080727
0.9906750814867172
0.9907364124106665
0.9900850955026155
0.9871376476200097
0.9862394651035371
0.9877382170163898
0.9855261079462753
0.9860705225031092
0.9861182919166701
0.9880512973037214
0.9871475039318591
0.986624261539523
0.9863945656341774
0.9855285168325276
0.9822956362171011
0.9836092299944799
0.9835011733475425
0.9822006897908548
0.9843768227720952
0.9830385698116969
0.9798831671598961
0.9807492475762147
0.9814417255820813
0.9816592241934209
0.9800427009688014
0.9851514617775841
0.9841440991755529
0.9810971002668638
0.9783985155186908
0.9804850667374628
0.9832056707052266
0.9855114200224198
0.9818167767548207
0.9809563412290877
0.9800778973708366
0.9798042778258056
0.9774675071829821
0.9755300998736525
0.9741107837242309
0.9788733539868125
0.9775147257880811
0.9823450252773087
0.9830933849542444
0.9801950248778655
0.978109921910259
0.9775489187431139
0.9756985236683106
0.9758093651037931
0.9736478764399685
0.9762697041904794
0.9721687590287692
0.9703923861072382
0.9699996618911573
0.9690788861206595
0.9663418742321501
0.9684371213880177
0.9682108843602583
0.9684435724988522
0.969701451695431
0.9735472406852183
0.9760836526588318
0.9784849015573509
0.9772746842548952
0.9750217983964318
0.9744108507967227
0.9726924132432792
0.9694806136253276
0.9691444821793984
0.96698612974246
0.9658963231793578
0.9637275270370442
0.9633536142325881
0.9612704856758845
0.9618762004289095
0.9613723622001425
0.960178635541327
0.9632368136445167
0.9627990359569816
0.9619333843434801
0.9660102637577754
0.9669983955503129
0.9655163024430531
0.9639065831534069
0.9656622636182325
0.9650459295145709
0.9647066550421073
0.9630850634742502
0.9608120857823574
0.9607769535150479
0.9599449215981917
0.9611701553140312
0.9602191047010251
0.9578343604704206
0.9583362384603777
0.9585172880931765
0.9580110919016098
0.9587433939135933
0.9562768319547386
0.9593578492264055
0.9544354166099583
0.9501542081356408
0.9487826901504668
0.9522130125028647
0.9547221576468367
0.9547221576468367
0.9573937518010778
0.9571933654283957
0.9558746944941047
0.9548409815737144
0.9544838071381267
0.9539715483395405
0.953449838953768
0.9533577435387279
0.9549259420698167
0.9553265551712659
0.9519443317012541
0.9517971721619819
0.9532019784718134
0.9541257848713992
0.9501584401221451
0.9503114482827677
0.9520172085942081
0.9500056254189059
0.9488222175034519
0.9514834064590214
0.9472738494627905
0.9494120582559363
0.9506703120059647
0.949517033830743
0.9475776335408191
0.9494299760681371
0.9488831809692366
0.94580151627128
0.943514101115401
0.945102201366928
0.9423520522254303
0.9458975916978162
0.9426516304069091
0.9438052949425784
0.9473757577125813
0.9444600046164181
0.9476967647637563
0.9447488700260064
0.9438192321889638
0.9414578819448737
0.9411924185039955
0.9405233375518759
0.9415923159794221
0.9415552841342951
0.9430013051815586
0.9418174443873591
0.9414543265418464
0.938990351036145
0.9375532326315882
0.9360111159251396
0.9398812616429407
0.9501707315949747
0.9394236066065327
0.9405756874523907
0.9386975604926564
0.9379087615707795
0.9399364455001092
0.9377231333911439
0.9374736044085482
0.9371074791044878
0.9332193116396452
0.9334372083999529
0.9321986504407985
0.9329904720649997
0.9338256065246152
0.932577592435083
0.9344361114635286
0.9350320727309064
0.9375742407730495
0.9352940021100445
0.9379331970675446
0.9454915559692834
0.9393728656173504
0.9382037862976017
0.9377370420900931
0.9342416790328353
0.9339103635855895
0.9324326518353677
0.9345588238653335
0.9335156151807462
0.9336669614925575
0.9281874188586505
0.9302931223768474
0.9302879436501895
0.930483582833672
0.9307360774237197
0.9286061113563325
0.9283190422179494
0.9303771069940863
0.928686839902885
0.9291808255706954
0.9277336232693235
0.9271274600351517
0.927909281741889
0.9283150949112831
0.9299135451328171
0.9264265825051162
0.924938347560153
0.9255415097104475
0.9233631136104139
0.922125404313878
0.9236006052755104
0.9242481769816571
0.9245604659784024
0.9242348938318685
0.9225877203428577
0.9228588217638094
0.922645650851414
0.9222428894860996
0.9216815593076105
0.9169040804467198
0.9196749952150509
0.91700566303401
0.9144767759243789
0.9158154716379594
0.9139273461465591
0.9133592740614096
0.9122536077437691
0.9119557011116866
0.9124661741711315
0.9172405521706978
0.921767017859469
0.9181480139158302
0.9140242702357138
0.917867690287182
0.916369075993297
0.9155936472493151
0.9167692994083836
0.9166194361774579
0.9218865318397792
0.9181002814938339
0.9137601077818803
0.91789483640459
0.9137358596449879
0.9128747852664346
0.9135091372923354
0.9128817026151059
0.9114221852823408
0.9111164508323832
0.9128413880919733
0.9062100013064853
0.9104100093238808
0.9131221446438776
0.908949206525007
0.9105766357202182
0.9109572628447182
0.9086430463579425
0.908696719418268
0.9057297752257729
0.905811363521327
0.9050160377686197
0.9077120266032592
0.9064877972398101
0.905580251792486
0.9063639676077585
0.9071638997526013
0.9097432202042864
0.9122982830956538
0.9156641411242439
0.9156739539589946
0.9164536431999624
0.9167645979505139
0.9149400035312006
0.9087733460031114
0.9047637394075513
0.9061675171782001
0.908286277961132
0.9071698160008879
0.9051700606104462
0.9055009544979785
0.9013106947371529
0.9026284643485062
0.9023164112145592
0.899474146702532
0.9012091093782668
0.9029067475283636
0.9039522400078485
0.8991832461101849
0.8978185453451665
0.8974972422875654
0.895857701496089
0.894005024437164
0.8923359600534457
0.892142873786808
0.8943590755615017
0.8935257359872936
0.8913557943629341
0.8920610329988813
0.8907352737084612
0.8937413156935549
0.8958889653733019
0.8940179827559308
0.8920978730495823
0.8925031355029011
0.8899198161928685
0.8907800751679524
0.8880030603945365
0.8881699564671403
0.8889380083318753
0.8882143970648649
0.8884877980788098
0.8876611297355704
0.8878154214221846
0.8883560924031172
0.8849113589168925
0.8871878309812741
0.8862668374742143
0.885121905959592
0.8859204789138792
0.886133527598902
0.88525801597809
0.8853502233655982
0.8920141985739077
0.8914808537520197
0.8896036877045317
0.886445039440199
0.8858099842604567
0.8828293370214169
0.8816821308581629
0.8810588646609406
0.8804559220210296
0.8797684692693255
0.878244382901865
0.8789724010061171
0.8765182477585921
0.8762868666306444
0.876195731296372
0.8771227995869952
0.8770824268603519
0.8757048919440563
0.8760837729632343
0.8759745612814842
0.8725528145789263
0.8749294180230638
0.8727760879578284
0.8718159844631487
0.8742503989600656
0.8733978874265801
0.8774828670142262
0.8762074022089131
0.8780850460795083
0.8777245734449788
0.8755805248995889
0.8732588968886197
0.8739789890605071
0.8762283646190446
0.877017306000943
0.8765482527770155
0.8765510617893075
0.8794597852871715
0.8782055833329692
0.8786446032681964
0.878130659062235
0.8740647921217172
0.8754245056773441
0.8744721216311457
0.8735042997966231
0.8754607406886932
0.8730202652661915
0.8720932709771747
0.8717780543438394
0.8737605518390282
0.8733318491689781
0.8747350446273601
0.8731994117920076
0.8723188267651764
0.8715473192748608
0.86902162698365
0.8693559742794861
0.869212968253604
0.8709132671356201
0.8698366673740823
0.870439381357344
0.8701203069398851
0.8698619141169232
0.8669876337937563
0.871487237453684
0.8705414822330394
0.8698863227292095
0.8727394676946701
0.8694923769784952
0.8654151240454793
0.8678746206524496
0.8680688421647063
0.8646079541554966
0.8627623341336688
0.8620020488345427
0.8672057400867027
0.8661773120450874
0.8616136069186675
0.8620603382647484
0.8620156390771403
0.8649981734957258
0.8635105458073914
0.8629555201777535
0.857287688909451
0.860107298120663
0.8581344407898097
0.8592213472844609
0.8575662667099366
0.8566765077011749
0.861660204649364
0.860490661918806
0.8603256145005671
0.8571057145244918
0.861389014814508
0.8595516239376197
0.8608772385507417
0.864947088551511
0.8578439595398994
0.8548857672153023
0.8561887830681624
0.8556489274906993
0.8568701119790582
0.8525833463628765
0.8524092161482072
0.8598357926010511
0.8647474114301812
0.8662272941713535
0.8658873745822633
0.8570756671006533
0.8630827494491513
0.8539185595663978
0.8524765808915348
0.8526059631385108
0.8594054746449982
0.8522529047997704
0.8539862045180557
0.8528693376276726
0.8505325362386137
0.8489216454323989
0.8484033162848023
0.852868497557001
0.8504901904129564
0.857693141494238
0.8574468935266906
0.8557860765804438
0.8571016818526764
0.8578405319074363
0.8600111711424459
0.8508661770546931
0.859419771644512
0.848569472341341
0.8483764980471714
0.8472827584603597
0.8460865998186605
0.844830546161338
0.8507370204156113
0.8483962171194498
0.8563072258267154
0.8505281465852658
0.8512255252528271
0.848748826182519
0.8577302057670353
0.8552104862646644
0.8475559477243894
0.846764598934423
0.8488244023325735
0.8546851355563964
0.85506381729784
0.850871417033617
0.8518928285034331
0.8496205041320904
0.8479308503950286
0.849397156751582
0.8501433529208756
0.8498772004612941
0.8499137001600372
0.8497493389889059
0.8505501982325268
0.8456077060440248
0.846670175656113
0.8461217078991778
0.8435521390299774
0.8396147322265296
0.8392733048893517
0.8431466030201582
0.8428540677406381
0.8434051330371096
0.8421864471423189
0.8341884732437455
0.8351863591316809
0.8331475588861195
0.8346807011655315
0.8340596868898557
0.836599967752453
0.8351242850874794
0.83815249872993
0.8351910841481146
0.83511680565919
0.8330693411281563
0.8328428033637807
0.8383623043707664
0.8378861833005185
0.8385387003649608
0.837543366839551
0.8385636971098652
0.8383020199459402
0.8410251116610941
0.8392386485789416
0.8335057288789004
0.8343810628404249
0.8335353630578126
0.8370685897160819
0.8389150811276133
0.8407048266106117
0.8407380871454025
0.8334142465408402
0.835288882121409
0.8324213750239344
0.8309892263677159
0.8303030491043757
0.8361434778948981
0.8371674528136227
0.8379294243516029
0.8402687609192938
0.8354361777460324
0.8365395311670202
0.8363937812613461
0.8348491626354145
0.8273673385786998
0.8287327887832089
0.8301177623853364
0.8295804777400905
0.8281988536114262
0.8280691939277157
0.8278015556156529
0.8269693792801809
0.8269833794417898
0.8271733751020074
0.8233280642679188
0.8231145579924378
0.8230617563218159
0.8249488837615868
0.8247181279056401
0.8249230924001811
0.8246957602964636
0.8350412519590612
0.8304394091208104
0.830210304027292
0.8231466755211415
0.8229144922933839
0.8209551027005961
0.8209863086514578
0.8202214690661963
0.8236580202474495
0.8219332997266471
0.8207681181020007
0.8220801446898016
0.8220824121322843
0.822272175532778
0.8220560068624201
0.8213303623527679
0.8266646356757038
0.827631585289044
0.8266801566119004
0.828913178092559
0.8261293224665144
0.8307053936216894
0.8268189955435734
0.8219675400205352
0.8229411431266315
0.8229201144753615
0.821754809791864
0.8196113139026665
0.8203349024425918
0.822657858047925
0.8222915911153218
0.8227289508646952
0.8282597039961044
0.8245717183601777
0.8315942804092689
0.8323912447293831
0.8258530498022135
0.8240229246635824
0.8195427942353901
0.8199299373814971
0.8186469718066074
0.8185634287045713
0.8183838256969352
0.8166544566557419
0.8182766444862313
0.8188851267145666
0.8196319043646485
0.8177236052592669
0.816777650760888
0.8179224797264678
0.8208771027900589
0.816673965918222
0.8243391290936428
0.8169674094496691
0.8157228069173448
0.8225494437542721
0.8166839530863453
0.8143583578132204
0.816050325832733
0.817070714306558
0.8154921073247918
0.8137595210152525
0.8156032824049707
0.8152939434947412
0.8156543088685152
0.814795319007125
0.8150328608381046
0.8160726055823242
0.8149526705354465
0.8153532634042465
0.8140669843866385
0.8124822327770959
0.8165131407489477
0.8140806170346511
0.81469905372628
0.8173023870063785
0.8165679232790517
0.8219234331229387
0.819471252142949
0.8212390621085484
0.8214099434586802
0.8219930647544298
0.8224060111798042
0.817625228022461
0.8209105803407968
0.8195181503146247
0.8190279703249378
0.8216870636769612
0.8163322004463626
0.8161477183215693
0.814305369891364
0.8155516331638614
0.8195230114164096
0.8273069635226926
0.8251892346048583
0.8244781889214969
0.8268837300425348
0.8259094021641501
0.8230643699366075
0.8250516090778045
0.8248766928385807
0.8269605620026232
0.8278469490879964
0.8189021576161276
0.8169304019945847
0.8154702970835206
0.8166656669290695
0.8151095010037671
0.8212853449859677
0.8225799897881859
0.8216192194475689
0.8253950053566028
0.8213077491802081
0.8159125101742107
0.8263524098713416
0.8212712705455927
0.819481245408583
0.8249588326816888
0.8185895027687434
0.8179436403056953
0.8174373324003427
0.8156752036517104
0.8156593074414492
0.8213311985432055
0.8139095860183488
0.8117629912079439
0.8099211718753673
0.8120147122456178
0.8110134932366341
0.8159678262364966
0.8161874812971477
0.815592582105261
0.8155829388921702
0.8096163215644538
0.8079631373157414
0.8083682453911769
0.8065309953113526
0.8091053665245082
0.8087875978058068
0.807247418444787
0.8085952152473298
0.8143944290232606
0.8070482654322134
0.8083825742640417
0.8088890950279479
0.8062947192681519
0.8060436032698302
0.8063392546544512
0.8067158984415403
0.8062961505201969
0.8067282492265188
0.8065323323291422
0.8078790903375981
0.8066642708188778
0.8105329528569636
0.8133970359250493
0.8126745884510941
0.8122007788917011
0.8125096166974192
0.8117389999979775
0.8098045572613706
0.8103843429416357
0.810216664447552
0.8046712808936604
0.8049068576632535
0.8064886109605145
0.8031040939950201
0.8022448812973316
0.8001206030987414
0.8011250817814861
0.8064300928736593
0.806767826505182
0.8058793504680927
0.7994698013749084
0.8014285723475248
0.802065179620887
0.802209577819314
0.8006923450538227
0.8037756630086439
0.7994318648809288
0.8013169366281324
0.7986559616397547
0.8000662105321593
0.7994895007688568
0.7982969615540468
0.8012502334647101
0.8032313983766627
0.8050468822835881
0.8040236135674603
0.8051203869429794
0.8049012415787865
0.8049287216734824
0.8022918315750075
0.8002006113075587
0.7983838990293972
0.7982204652342036
0.8021856425955817
0.7987760158040765
0.8012350944544078
0.7996152849302309
0.800211836824663
0.8004523622784667
0.799804043350106
0.7963487486982782
0.7977564161264018
0.7962558946974816
0.8022492105298923
0.8017542922201122
0.7982104043416334
0.7978651605171085
0.7978256916078391
0.7974395215689998
0.798371033004769
0.7963410115115841
0.7941441291450616
0.7957478143566471
0.7946045521741446
0.7940513394452864
0.793156853479974
0.7947565049111058
